0 0.0133706
5 0.0054968
10 -0.0035514
15 -0.0052926
20 0.0001194
25 0.0036224
30 0.0017142
35 -0.0013814
40 -0.000709
45 0.002481
50 0.0039416
55 0.0012778
60 -0.0019874
65 -0.002299
70 0.0006734
75 0.0026144
80 0.0014564
85 -0.0003788
90 0.0005436
95 0.0023678
100 0.0014188
105 -0.0021054
110 -0.0032584
115 -0.0003172
120 0.0034914
125 0.0037798
130 0.0013778
135 -0.0007422
140 -0.0008692
145 -0.0001662
150 -0.0001656
155 -0.000836
160 -0.0004452
165 0.001369
170 0.002778
175 0.0016768
180 -0.0005204
185 -0.0011426
190 0.0001112
195 0.0008938
200 -0.0003072
205 -0.0011238
210 0.0001998
215 0.0023756
220 0.002427
225 -0.0001346
230 -0.0022942
235 -0.0017984
240 0.000474
245 0.0017476
250 0.001128
255 0.0004474
260 0.0005926
265 0.0005976
270 -0.0007972
275 -0.0020668
280 -0.001141
285 0.0012898
290 0.0022728
295 0.0008268
300 -0.000898
305 -0.0004326
310 0.0011384
315 0.0009948
320 -0.001259
325 -0.0025448
330 -0.0007522
335 0.00223
340 0.0028418
345 0.0004494
350 -0.001932
355 -0.0014428
360 0.000728
365 0.001229
370 -0.000509
375 -0.0011534
380 0.0005782
385 0.0022252
390 0.0011338
395 -0.0015668
400 -0.002425
405 -0.0005812
410 0.0015926
415 0.001632
420 3.22e-05
425 -0.0008288
430 -3.66e-05
435 0.0010018
440 0.0004256
445 -0.0013222
450 -0.001865
455 -0.0003176
460 0.001507
465 0.0014166
470 1.8e-06
475 -0.0006354
480 -8.84e-05
485 0.0001286
490 -0.0006654
495 -0.0011556
500 -0.0001884
505 0.00125
510 0.0014814
515 3.78e-05
520 -0.001437
525 -0.0013
530 8.06e-05
535 0.0009326
540 0.0003214
545 -0.0006408
550 -0.0002992
555 0.0008892
560 0.0009358
565 -0.000484
570 -0.0014296
575 -0.000787
580 0.000369
585 0.0005646
590 0.0001102
595 7.14e-05
600 0.0004422
605 0.0003082
610 -0.0005334
615 -0.0011796
620 -0.0007162
625 0.0004518
630 0.0011086
635 0.0005648
640 -0.0004482
645 -0.0006622
650 -8.8e-05
655 0.0003052
660 -0.0001644
665 -0.000592
670 -0.0001524
675 0.0006462
680 0.0006556
685 -9e-05
690 -0.0005862
695 -0.000342
700 4.94e-05
705 -1.06e-05
710 -0.0002814
715 -0.000173
720 0.0004494
725 0.0007944
730 0.000255
735 -0.0007198
740 -0.0010344
745 -0.0002894
750 0.0006188
755 0.0006584
760 4e-07
765 -0.0003428
770 -2.66e-05
775 0.0002664
780 -2.98e-05
785 -0.0004588
790 -0.0004028
795 0.0001406
800 0.0004884
805 0.000285
810 -0.0001358
815 -0.0001724
820 4.48e-05
825 3.76e-05
830 -0.0003312
835 -0.000506
840 -1.24e-05
845 0.0006308
850 0.0005798
855 -0.0001232
860 -0.0006452
865 -0.000409
870 0.0001332
875 0.0002954
880 5e-06
885 -0.000175
890 3.32e-05
895 0.0002676
900 0.0001122
905 -0.0002492
910 -0.0003858
915 -9.08e-05
920 0.0002418
925 0.0002128
930 -4.3e-05
935 -6.86e-05
940 0.0001278
945 0.0001488
950 -0.0001582
955 -0.0003992
960 -0.0001994
965 0.0002392
970 0.000408
975 0.0001678
980 -0.0001542
985 -0.0001954
990 -5.54e-05
995 1.2e-05
1000 -9.48e-05
1005 -0.0001378
1010 5.06e-05
1015 0.0002578
1020 0.000204
1025 -8.74e-05
1030 -0.0002668
1035 -0.000112
1040 0.0001262
1045 0.0001102
1050 -9.48e-05
1055 -0.0001354
1060 9.36e-05
1065 0.0002522
1070 7.88e-05
1075 -0.0002382
1080 -0.0003298
1085 -9.6e-05
1090 0.0001938
1095 0.000224
1100 5.1e-05
1105 -9.08e-05
1110 -5.98e-05
1115 1.34e-05
1120 -5.62e-05
1125 -0.0001666
1130 -9.52e-05
1135 0.0001088
1140 0.0001978
1145 5.28e-05
1150 -9.88e-05
1155 -8.44e-05
1160 2.18e-05
1165 2.22e-05
1170 -7.52e-05
1175 -0.0001056
1180 -6e-07
1185 0.0001258
1190 0.0001288
1195 -2e-05
1200 -0.0001452
1205 -0.0001424
1210 -1.9e-05
1215 4.8e-05
1220 2.7e-05
1225 1.18e-05
1230 4.68e-05
1235 3.66e-05
1240 -6.4e-05
1245 -0.0001486
1250 -0.0001064
1255 1.76e-05
1260 7.94e-05
1265 3.88e-05
1270 -1.86e-05
1275 -2.56e-05
1280 5.4e-06
1285 1.44e-05
1290 -3.5e-05
1295 -8.72e-05
1300 -6.44e-05
1305 2.04e-05
1310 7.28e-05
1315 4.16e-05
1320 -2.06e-05
1325 -4.22e-05
1330 -3.66e-05
1335 -4.64e-05
1340 -3.8e-05
1345 5.4e-06
1350 5.58e-05
1355 6e-05
1360 -1.2e-06
1365 -6.92e-05
1370 -7.86e-05
1375 -2.08e-05
1380 3.48e-05
1385 2.58e-05
1390 -2.36e-05
1395 -3.4e-05
1400 1.72e-05
1405 5.04e-05
1410 1.4e-06
1415 -6.76e-05
1420 -7.02e-05
1425 -7.2e-06
1430 4.08e-05
1435 2.46e-05
1440 -6.8e-06
1445 -5.6e-06
1450 9e-06
1455 -1.4e-06
1460 -3.72e-05
1465 -5.06e-05
1470 -9.8e-06
1475 4.58e-05
1480 5.18e-05
1485 2.2e-06
1490 -4.4e-05
1495 -3.12e-05
1500 4.4e-06
1505 1.22e-05
1510 -7.6e-06
1515 -1.94e-05
1520 -6e-07
1525 2.02e-05
1530 1.24e-05
1535 -1.3e-05
1540 -2.8e-05
1545 -2.2e-05
1550 -5.8e-06
1555 4.4e-06
1560 7.6e-06
1565 6.8e-06
1570 9.6e-06
1575 6.6e-06
1580 -1.32e-05
1585 -3.2e-05
1590 -2.66e-05
1595 6e-07
1600 2.12e-05
1605 1.46e-05
1610 -3.2e-06
1615 -1.3e-05
1620 -9.8e-06
1625 -4.4e-06
1630 -5.4e-06
1635 -6.4e-06
1640 -2.4e-06
1645 3.8e-06
1650 4.8e-06
1655 1.8e-06
1660 -2.4e-06
1665 -6.6e-06
1670 -6.6e-06
1675 -6.2e-06
1680 -5.4e-06
1685 2e-07
1690 1.04e-05
1695 1.18e-05
1700 -6e-07
1705 -1.48e-05
1710 -1.54e-05
1715 -5.2e-06
1720 2.2e-06
1725 1.8e-06
1730 1.8e-06
1735 2.8e-06
1740 3e-06
1745 -2.6e-06
1750 -7.4e-06
1755 -8.4e-06
1760 -4.8e-06
1765 1e-06
1770 3.6e-06
1775 4e-07
1780 -3e-06
1785 -2.2e-06
1790 6e-07
1795 -2.2e-06
1800 -8.4e-06
1805 -8.8e-06
1810 0
1815 6.4e-06
1820 5.4e-06
1825 -1.2e-06
1830 -4.8e-06
1835 -5.6e-06
1840 -4.2e-06
1845 -2.2e-06
1850 1.27055e-22
1855 2.2e-06
1860 3.2e-06
1865 2.4e-06
1870 -1.8e-06
1875 -5.2e-06
1880 -4.2e-06
1885 -4e-07
1890 1.4e-06
1895 -6e-07
1900 -1.8e-06
1905 -2e-07
1910 2.2e-06
1915 1.8e-06
1920 -1.4e-06
1925 -4.2e-06
1930 -4.2e-06
1935 -1e-06
1940 2.6e-06
1945 3e-06
1950 0
1955 -2e-06
1960 -2e-06
1965 -1.2e-06
1970 -1e-06
1975 -1e-06
1980 2e-07
1985 8e-07
1990 8e-07
1995 -6e-07
2000 -1.2e-06
2005 -1.6e-06
2010 -1.2e-06
2015 -6e-07
2020 -2e-07
2025 -8e-07
2030 -6e-07
2035 2e-07
2040 8e-07
2045 -4e-07
2050 -1.4e-06
2055 -1.8e-06
2060 -1e-06
2065 -4.23516e-23
2070 1e-06
2075 1e-06
2080 0
2085 -1.2e-06
2090 -1.6e-06
2095 -8e-07
2100 2e-07
2105 2e-07
2110 -8.47033e-23
2115 -2e-07
2120 -2e-07
2125 -6e-07
2130 -8e-07
2135 -6e-07
2140 -4e-07
2145 -2e-07
2150 0
2155 -2e-07
2160 0
2165 0
2170 2e-07
2175 -2e-07
2180 -1e-06
2185 -1.2e-06
2190 -2e-07
2195 8e-07
2200 6e-07
2205 -2e-07
2210 -8e-07
2215 -4e-07
2220 -2e-07
2225 0
2230 2e-07
2235 0
2240 -2e-07
2245 0
2250 -4e-07
2255 -2e-07
2260 -2e-07
2265 -2e-07
2270 -4e-07
2275 -2e-07
2280 -2e-07
2285 0
2290 0
2295 0
2300 0
2305 -2e-07
2310 -4e-07
2315 -2e-07
2320 0
2325 0
2330 0
2335 0
2340 -4e-07
2345 -2e-07
2350 0
2355 0
2360 -2e-07
2365 -2e-07
2370 0
2375 0
2380 0
2385 0
2390 0
2395 0
2400 0
2405 0
2410 0
2415 0
2420 0
2425 0
2430 0
2435 0
2440 0
2445 0
2450 0
2455 0
2460 0
2465 0
2470 0
2475 0
2480 0
2485 0
2490 0
2495 0
2500 0
2505 0
2510 0
2515 0
2520 0
2525 0
2530 0
2535 0
2540 0
2545 0
2550 0
2555 0
2560 0
2565 0
2570 0
2575 0
2580 0
2585 0
2590 0
2595 0
2600 0
2605 0
2610 0
2615 0
2620 0
2625 0
2630 0
2635 0
2640 0
2645 0
2650 0
2655 0
2660 0
2665 0
2670 0
2675 0
2680 0
2685 0
2690 0
2695 0
2700 0
2705 0
2710 0
2715 0
2720 0
2725 0
2730 0
2735 0
2740 0
2745 0
2750 0
2755 0
2760 0
2765 0
2770 0
2775 0
2780 0
2785 0
2790 0
2795 0
2800 0
2805 0
2810 0
2815 0
2820 0
2825 0
2830 0
2835 0
2840 0
2845 0
2850 0
2855 0
2860 0
2865 0
2870 0
2875 0
2880 0
2885 0
2890 0
2895 0
2900 0
2905 0
2910 0
2915 0
2920 0
2925 0
2930 0
2935 0
2940 0
2945 0
2950 0
2955 0
2960 0
2965 0
2970 0
2975 0
2980 0
2985 0
2990 0
2995 0
3000 0
3005 0
3010 0
3015 0
3020 0
3025 0
3030 0
3035 0
3040 0
3045 0
3050 0
3055 0
3060 0
3065 0
3070 0
3075 0
3080 0
3085 0
3090 0
3095 0
3100 0
3105 0
3110 0
3115 0
3120 0
3125 0
3130 0
3135 0
3140 0
3145 0
3150 0
3155 0
3160 0
3165 0
3170 0
3175 0
3180 0
3185 0
3190 0
3195 0
3200 0
3205 0
3210 0
3215 0
3220 0
3225 0
3230 0
3235 0
3240 0
3245 0
3250 0
3255 0
3260 0
3265 0
3270 0
3275 0
3280 0
3285 0
3290 0
3295 0
3300 0
3305 0
3310 0
3315 0
3320 0
3325 0
3330 0
3335 0
3340 0
3345 0
3350 0
3355 0
3360 0
3365 0
3370 0
3375 0
3380 0
3385 0
3390 0
3395 0
3400 0
3405 0
3410 0
3415 0
3420 0
3425 0
3430 0
3435 0
3440 0
3445 0
3450 0
3455 0
3460 0
3465 0
3470 0
3475 0
3480 0
3485 0
3490 0
3495 0
3500 0
3505 0
3510 0
3515 0
3520 0
3525 0
3530 0
3535 0
3540 0
3545 0
3550 0
3555 0
3560 0
3565 0
3570 0
3575 0
3580 0
3585 0
3590 0
3595 0
3600 0
3605 0
3610 0
3615 0
3620 0
3625 0
3630 0
3635 0
3640 0
3645 0
3650 0
3655 0
3660 0
3665 0
3670 0
3675 0
3680 0
3685 0
3690 0
3695 0
3700 0
3705 0
3710 0
3715 0
3720 0
3725 0
3730 0
3735 0
3740 0
3745 0
3750 0
3755 0
3760 0
3765 0
3770 0
3775 0
3780 0
3785 0
3790 0
3795 0
3800 0
3805 0
3810 0
3815 0
3820 0
3825 0
3830 0
3835 0
3840 0
3845 0
3850 0
3855 0
3860 0
3865 0
3870 0
3875 0
3880 0
3885 0
3890 0
3895 0
3900 0
3905 0
3910 0
3915 0
3920 0
3925 0
3930 0
3935 0
3940 0
3945 0
3950 0
3955 0
3960 0
3965 0
3970 0
3975 0
3980 0
3985 0
3990 0
3995 0
