1  4.97  	5.10
6  5.24  	5.25
11  5.39  	5.32
16  5.16  	5.27
21  5.24  	5.15
26  5.42  	5.12
31  5.38  	5.11
36  5.02  	5.12
41  4.88  	5.09
46  5.03  	5.19
51  5.39  	5.13
56  5.36  	5.09
61  5.01  	5.28
66  5.02  	5.19
71  5.19  	5.03
76  5.21  	4.96
81  5.24  	5.06
86  5.15  	5.19
91  5.06  	5.32
96  5.01  	5.29
101  5.19  	5.29
106  5.31  	5.17
111  5.21  	5.12
116  5.12  	5.00
121  5.00  	5.17
126  5.21  	5.03
131  5.32  	5.21
136  5.31  	5.21
141  5.33  	5.14
146  5.28  	5.08
151  5.14  	5.23
156  5.10  	5.25
161  5.14  	5.24
166  5.31  	4.99
171  5.35  	5.03
176  5.06  	5.26
181  5.02  	5.30
186  5.23  	5.13
191  5.31  	5.08
196  5.11  	5.06
201  4.89  	5.15
206  5.03  	5.20
211  5.33  	5.15
216  5.18  	4.98
221  4.91  	5.11
226  5.08  	5.16
231  5.40  	5.22
236  5.29  	5.10
241  5.01  	5.21
246  5.22  	5.14
251  5.45  	5.29
256  5.21  	5.20
261  4.81  	5.08
266  4.88  	5.07
271  5.29  	5.16
276  5.38  	5.22
281  5.03  	5.29
286  5.18  	4.89
291  5.19  	4.94
296  5.13  	4.98
301  5.18  	5.02
306  5.30  	4.98
311  5.41  	5.09
316  5.10  	5.28
321  4.94  	5.26
326  5.16  	5.23
331  5.36  	5.11
336  5.15  	5.07
341  4.83  	5.09
346  5.11  	5.21
351  5.54  	5.25
356  5.43  	5.21
361  4.97  	5.15
366  4.99  	5.15
371  5.35  	5.19
376  5.18  	5.23
381  4.74  	5.09
386  4.76  	5.04
391  5.35  	5.04
396  5.46  	5.16
401  5.04  	5.29
406  4.99  	5.20
411  5.28  	4.96
416  5.38  	4.99
421  5.45  	5.20
426  5.54  	5.36
431  5.37  	5.19
436  4.93  	5.08
441  4.91  	5.05
446  5.15  	5.33
451  5.12  	5.42
456  4.80  	5.19
461  4.79  	5.06
466  5.08  	5.15
471  5.40  	5.17
476  5.30  	5.07
481  4.86  	5.21
486  4.88  	5.16
491  4.97  	5.12
496  5.23  	5.01
501  5.26  	4.96
506  4.88  	5.11
511  4.73  	5.03
516  4.90  	5.20
521  5.11  	5.38
526  5.37  	5.00
531  5.25  	4.96
536  5.18  	4.99
541  5.07  	5.33
546  5.38  	5.04
551  5.24  	4.94
556  4.78  	5.02
561  4.77  	5.07
566  5.26  	5.11
571  5.45  	5.18
576  5.04  	5.34
581  4.87  	5.14
586  5.15  	4.95
591  5.30  	5.00
596  5.25  	5.05
601  4.97  	5.24
606  5.20  	4.96
611  5.23  	5.04
616  5.05  	5.21
621  5.07  	5.20
626  4.96  	5.16
631  4.86  	5.17
636  4.90  	5.22
641  5.07  	5.32
646  5.30  	5.10
651  5.15  	4.99
656  4.93  	5.13
661  4.93  	5.20
666  5.26  	5.14
671  5.31  	5.09
676  4.89  	5.16
681  4.84  	5.12
686  5.02  	5.15
691  5.32  	5.18
696  4.97  	5.29
701  4.95  	5.28
706  5.16  	4.99
711  5.17  	5.00
716  5.20  	5.04
721  5.29  	4.91
726  5.26  	4.89
731  5.02  	5.25
736  5.13  	5.22
741  4.92  	5.19
746  4.94  	5.04
751  5.19  	5.02
756  5.29  	5.01
761  5.29  	5.11
766  5.31  	5.15
771  5.30  	5.02
776  5.19  	4.94
781  5.23  	4.99
786  5.44  	5.27
791  5.38  	5.44
796  5.02  	5.15
801  4.72  	5.03
806  5.20  	4.94
811  5.41  	5.09
816  5.23  	5.21
821  4.99  	5.20
826  5.14  	5.28
831  5.44  	5.10
836  5.24  	5.09
841  4.90  	5.16
846  4.87  	5.19
851  5.35  	5.06
856  5.41  	5.11
861  5.06  	5.16
866  5.09  	5.13
871  5.39  	5.15
876  5.50  	5.14
881  5.30  	5.02
886  5.23  	5.01
891  5.22  	4.99
896  5.20  	5.00
901  4.92  	5.28
906  5.05  	5.39
911  5.33  	5.17
916  5.02  	5.25
921  4.99  	5.17
926  5.23  	5.13
931  5.32  	5.02
936  5.18  	5.06
941  5.24  	5.00
946  5.52  	5.12
951  5.54  	5.06
956  5.28  	5.08
961  4.93  	5.15
966  5.07  	5.17
971  5.39  	5.08
976  5.40  	5.16
981  5.23  	5.21
986  5.28  	5.21
991  5.43  	5.17
996  5.41  	5.14
1001  5.28  	5.07
1006  5.33  	5.11
1011  5.43  	5.15
1016  5.29  	5.20
1021  5.09  	5.24
1026  5.41  	5.20
1031  5.51  	5.21
1036  5.33  	5.12
1041  5.13  	5.11
1046  5.32  	5.18
1051  5.44  	5.19
1056  5.40  	5.13
1061  5.32  	5.14
1066  5.44  	5.17
1071  5.49  	5.27
1076  5.24  	5.29
1081  5.17  	5.30
1086  5.48  	5.22
1091  5.50  	5.18
1096  5.25  	5.14
1101  5.13  	5.15
1106  5.31  	5.14
1111  5.52  	5.23
1116  5.51  	5.28
1121  5.41  	5.18
1126  5.33  	5.03
1131  5.35  	5.07
1136  5.42  	5.14
1141  5.41  	5.16
1146  5.30  	5.10
1151  5.21  	5.05
1156  5.23  	5.13
1161  5.44  	5.28
1166  5.54  	5.26
1171  5.45  	5.14
1176  5.34  	5.05
1181  5.35  	5.12
1186  5.40  	5.16
1191  5.37  	5.17
1196  5.32  	5.15
1201  5.42  	5.20
1206  5.52  	5.15
1211  5.44  	5.05
1216  5.28  	4.95
1221  5.26  	5.02
1226  5.28  	5.05
1231  5.44  	5.15
1236  5.53  	5.21
1241  5.55  	5.28
1246  5.39  	5.18
1251  5.22  	5.12
1256  5.27  	5.08
1261  5.43  	5.07
1266  5.43  	5.08
1271  5.34  	5.10
1276  5.29  	5.13
1281  5.39  	5.15
1286  5.46  	5.15
1291  5.45  	5.23
1296  5.29  	5.17
1301  5.20  	5.16
1306  5.23  	5.15
1311  5.36  	5.16
1316  5.40  	5.11
1321  5.39  	5.16
1326  5.40  	5.20
1331  5.33  	5.24
1336  5.28  	5.15
1341  5.33  	5.12
1346  5.35  	5.11
1351  5.42  	5.21
1356  5.48  	5.29
1361  5.46  	5.29
1366  5.26  	5.13
1371  5.16  	5.08
1376  5.30  	5.13
1381  5.51  	5.27
1386  5.49  	5.29
1391  5.39  	5.22
1396  5.31  	5.17
1401  5.35  	5.12
1406  5.32  	5.14
1411  5.18  	5.25
1416  5.14  	5.27
1421  5.30  	5.14
1426  5.37  	5.16
1431  5.26  	5.10
1436  5.17  	5.03
1441  5.17  	5.01
1446  5.15  	5.04
1451  4.97  	5.10
1456  5.04  	5.18
1461  5.40  	5.21
1466  5.37  	5.11
1471  5.13  	4.96
1476  5.09  	5.05
1481  5.24  	5.21
1486  5.28  	5.20
1491  5.29  	5.05
1496  5.37  	5.11
1501  5.30  	5.13
1506  5.13  	5.17
1511  5.11  	5.16
1516  5.28  	5.13
1521  5.36  	5.14
1526  5.33  	5.16
1531  5.33  	5.21
1536  5.42  	5.27
1541  5.42  	5.20
1546  5.34  	5.10
1551  5.26  	5.08
1556  5.29  	5.18
1561  5.26  	5.17
1566  5.19  	5.15
1571  5.31  	5.12
1576  5.44  	5.22
1581  5.40  	5.34
1586  5.20  	5.32
1591  5.09  	5.12
1596  5.19  	4.95
1601  5.22  	4.93
1606  5.26  	5.11
1611  5.23  	5.43
1616  5.52  	5.29
1621  5.43  	5.11
1626  5.30  	5.05
1631  5.24  	5.11
1636  5.23  	5.20
1641  5.17  	5.22
1646  5.27  	5.09
1651  5.30  	5.08
1656  5.28  	5.13
1661  5.19  	5.13
1666  5.23  	5.15
1671  5.36  	5.14
1676  5.39  	5.11
1681  5.21  	5.02
1686  5.13  	5.04
1691  5.27  	5.12
1696  5.47  	5.29
1701  5.33  	5.28
1706  5.10  	5.23
1711  5.09  	5.18
1716  5.33  	5.18
1721  5.25  	5.07
1726  5.17  	4.96
1731  5.05  	5.17
1736  5.37  	5.16
1741  5.35  	5.18
1746  5.00  	5.27
1751  4.97  	5.10
1756  5.22  	5.07
1761  5.30  	5.18
1766  5.01  	5.27
1771  4.94  	5.15
1776  5.24  	4.99
1781  5.25  	4.97
1786  5.17  	5.13
1791  5.23  	5.36
1796  5.52  	5.31
1801  5.36  	5.04
1806  4.94  	5.13
1811  5.06  	5.11
1816  5.30  	5.09
1821  5.30  	5.08
1826  5.14  	5.28
1831  5.21  	5.35
1836  5.39  	5.28
1841  5.22  	5.15
1846  5.00  	5.08
1851  4.96  	5.06
1856  5.24  	5.09
1861  5.22  	5.10
1866  5.12  	5.25
1871  5.24  	5.11
1876  5.34  	5.15
1881  5.19  	5.04
1886  5.03  	5.12
1891  5.25  	5.11
1896  5.45  	5.25
1901  5.23  	5.11
1906  4.96  	5.09
1911  5.16  	4.98
1916  5.33  	5.10
1921  5.16  	5.33
1926  5.20  	5.39
1931  5.08  	5.29
1936  5.23  	4.90
1941  5.08  	4.77
1946  5.01  	5.20
1951  5.18  	5.32
1956  5.38  	5.15
1961  5.19  	4.97
1966  5.02  	5.26
1971  5.34  	5.16
1976  5.36  	5.15
1981  5.24  	4.99
1986  4.94  	5.19
1991  5.26  	5.04
1996  5.39  	5.21
