0 0.0315414
5 0.0117984
10 -0.010641
15 -0.0047322
20 0.0132714
25 0.010574
30 -0.0032314
35 -0.0031162
40 0.0065832
45 0.0064362
50 0.0010626
55 0.002912
60 0.0064138
65 0.0017608
70 -0.000627
75 0.005467
80 0.007713
85 -0.0014282
90 -0.0053504
95 0.0038896
100 0.0093154
105 6.66e-05
110 -0.0059068
115 0.0037884
120 0.0119598
125 0.0033806
130 -0.0063284
135 -0.0010092
140 0.0079628
145 0.0043216
150 -0.003843
155 -0.003092
160 0.0023162
165 0.0032736
170 0.002841
175 0.0042002
180 0.0021508
185 -0.002398
190 -0.0002172
195 0.006596
200 0.0041606
205 -0.005757
210 -0.0056216
215 0.0057724
220 0.0090688
225 -0.0013094
230 -0.006295
235 0.0022004
240 0.007898
245 0.00114
250 -0.0041366
255 0.0014092
260 0.005692
265 0.0002564
270 -0.0044396
275 -0.0003506
280 0.0035578
285 0.0009128
290 -0.000501
295 0.002991
300 0.0034696
305 -0.0012188
310 -0.0014194
315 0.0036302
320 0.002964
325 -0.0041634
330 -0.0045142
335 0.004137
340 0.0070816
345 -0.001048
350 -0.00622
355 0.0001812
360 0.006738
365 0.0031518
370 -0.00327
375 -0.0026146
380 0.00158
385 0.0020906
390 0.0001492
395 -0.0003158
400 -0.000207
405 -0.0003286
410 0.0011992
415 0.0030124
420 0.0011812
425 -0.0018894
430 -0.0006228
435 0.002943
440 0.0018902
445 -0.0026192
450 -0.0025442
455 0.0017814
460 0.0028976
465 -0.0005172
470 -0.0015358
475 0.0015816
480 0.0028002
485 9.18e-05
490 -0.0016074
495 -0.000186
500 0.0008196
505 0.0001034
510 0.0003256
515 0.0011018
520 -4.64e-05
525 -0.0014926
530 0.0002324
535 0.0026186
540 0.001056
545 -0.002089
550 -0.000935
555 0.0025284
560 0.0018084
565 -0.002075
570 -0.0024084
575 0.0011388
580 0.0022512
585 -0.0003208
590 -0.001347
595 0.0008034
600 0.001816
605 -2.86e-05
610 -0.001241
615 -6.22e-05
620 0.0007732
625 3.12e-05
630 -0.0002642
635 0.000445
640 0.0003404
645 -0.0004392
650 -3.78e-05
655 0.0011698
660 0.0007072
665 -0.0007736
670 -0.0006524
675 0.0008236
680 0.0008672
685 -0.000535
690 -0.0008432
695 0.0003696
700 0.0009044
705 7.6e-05
710 -0.0004828
715 -4.4e-05
720 0.0004832
725 0.0005002
730 0.000289
735 -0.0001418
740 -0.0006446
745 -0.0004964
750 0.000453
755 0.0007584
760 -0.0002204
765 -0.000834
770 0.0001128
775 0.0010542
780 0.0003158
785 -0.000933
790 -0.0006096
795 0.0005738
800 0.0006438
805 -0.000205
810 -0.00038
815 0.00016
820 0.000264
825 -0.0001654
830 -0.0002328
835 -1.26e-05
840 -3.28e-05
845 -6.34e-05
850 0.0002754
855 0.0002898
860 -0.0003136
865 -0.0006306
870 9.14e-05
875 0.0007278
880 0.0001858
885 -0.0006342
890 -0.0003416
895 0.000492
900 0.000489
905 -0.0002294
910 -0.0004182
915 8.34e-05
920 0.000378
925 8.5e-05
930 -0.000223
935 -0.0001538
940 7.96e-05
945 0.0001502
950 3.86e-05
955 -0.000168
960 -0.000212
965 3.26e-05
970 0.000257
975 7.72e-05
980 -0.000262
985 -0.0001976
990 0.0002262
995 0.0002604
1000 -0.0001626
1005 -0.0004438
1010 -0.0001312
1015 0.0002268
1020 0.0001402
1025 -0.0001612
1030 -0.0001902
1035 -2.98e-05
1040 6.58e-05
1045 2.62e-05
1050 -4.88e-05
1055 -0.0001576
1060 -0.0001578
1065 1.94e-05
1070 0.0001144
1075 -0.0001416
1080 -0.000398
1085 -0.0002142
1090 0.0002344
1095 0.0002394
1100 -0.0001774
1105 -0.0003438
1110 -4e-05
1115 0.0001696
1120 -7.72e-05
1125 -0.000353
1130 -0.0002038
1135 0.0001126
1140 9.44e-05
1145 -0.0001326
1150 -0.000188
1155 -3.9e-05
1160 6.08e-05
1165 8.8e-06
1170 -9.96e-05
1175 -0.0001662
1180 -0.0001482
1185 -3.04e-05
1190 2e-05
1195 -9.58e-05
1200 -0.0002294
1205 -0.00011
1210 0.0001194
1215 0.0001172
1220 -0.000113
1225 -0.0002162
1230 -5.2e-05
1235 0.000108
1240 8.6e-06
1245 -0.0001924
1250 -0.0002174
1255 -6.28e-05
1260 4.9e-05
1265 9.8e-06
1270 -9.52e-05
1275 -0.0001198
1280 -3.94e-05
1285 1.9e-05
1290 -3.8e-05
1295 -0.0001468
1300 -0.0001344
1305 -1.92e-05
1310 2.32e-05
1315 -8.34e-05
1320 -0.0001454
1325 -4.16e-05
1330 6.46e-05
1335 1.5e-05
1340 -0.0001006
1345 -9.52e-05
1350 9.8e-06
1355 3.76e-05
1360 -5.54e-05
1365 -0.0001348
1370 -9.56e-05
1375 -3.8e-06
1380 3.82e-05
1385 -1e-06
1390 -5.82e-05
1395 -5.64e-05
1400 1.02e-05
1405 4.64e-05
1410 -9.4e-06
1415 -8.78e-05
1420 -9.02e-05
1425 -7.2e-06
1430 3.12e-05
1435 -2.58e-05
1440 -8.8e-05
1445 -5.86e-05
1450 1.54e-05
1455 2.7e-05
1460 -3.72e-05
1465 -7.36e-05
1470 -3.9e-05
1475 4.6e-06
1480 -2e-05
1485 -6.88e-05
1490 -7.06e-05
1495 -1.78e-05
1500 1.3e-05
1505 -1.06e-05
1510 -5.14e-05
1515 -4.66e-05
1520 -8e-07
1525 1.46e-05
1530 -3.04e-05
1535 -7.52e-05
1540 -5.52e-05
1545 -8.2e-06
1550 -3.2e-06
1555 -3.9e-05
1560 -4.74e-05
1565 -1.32e-05
1570 1.44e-05
1575 0
1580 -2.96e-05
1585 -3.96e-05
1590 -2.4e-05
1595 -7e-06
1600 -8.2e-06
1605 -3.06e-05
1610 -4.36e-05
1615 -2.66e-05
1620 6e-07
1625 -1.4e-06
1630 -2.56e-05
1635 -2.78e-05
1640 -3.6e-06
1645 8.4e-06
1650 -1.44e-05
1655 -4.12e-05
1660 -3.14e-05
1665 -7.2e-06
1670 -4.6e-06
1675 -2.16e-05
1680 -2.5e-05
1685 -9.4e-06
1690 2e-06
1695 -2.8e-06
1700 -1.66e-05
1705 -2.54e-05
1710 -2.22e-05
1715 -1.06e-05
1720 -4.6e-06
1725 -1.3e-05
1730 -2.56e-05
1735 -2.16e-05
1740 -3.6e-06
1745 2e-06
1750 -1.34e-05
1755 -2.42e-05
1760 -1.12e-05
1765 1.8e-06
1770 -5.8e-06
1775 -2.38e-05
1780 -2.32e-05
1785 -9.2e-06
1790 -3.8e-06
1795 -1.2e-05
1800 -1.6e-05
1805 -1.14e-05
1810 -3.4e-06
1815 6e-07
1820 -1e-06
1825 -1.04e-05
1830 -1.78e-05
1835 -1.26e-05
1840 -2e-06
1845 -3.4e-06
1850 -1.5e-05
1855 -1.64e-05
1860 -1e-06
1865 6.6e-06
1870 -1.8e-06
1875 -1.3e-05
1880 -8.8e-06
1885 1e-06
1890 2e-07
1895 -7.2e-06
1900 -9e-06
1905 -6e-06
1910 -3.8e-06
1915 -4.4e-06
1920 -4.2e-06
1925 -4e-06
1930 -3e-06
1935 -8e-07
1940 8e-07
1945 -3.8e-06
1950 -8e-06
1955 -5.2e-06
1960 8e-07
1965 -1.4e-06
1970 -8.6e-06
1975 -8e-06
1980 1e-06
1985 4.2e-06
1990 -1.8e-06
1995 -6.2e-06
2000 -2.4e-06
2005 1.2e-06
2010 -1.6e-06
2015 -4.2e-06
2020 -3.4e-06
2025 -2.2e-06
2030 -2.6e-06
2035 -1.6e-06
2040 -2e-07
2045 -1.2e-06
2050 -4.2e-06
2055 -2e-06
2060 2.4e-06
2065 1e-06
2070 -4e-06
2075 -4.2e-06
2080 4e-07
2085 8e-07
2090 -3.6e-06
2095 -4.6e-06
2100 -4e-07
2105 1.6e-06
2110 -1.2e-06
2115 -2.6e-06
2120 -4e-07
2125 1.2e-06
2130 -6e-07
2135 -2.4e-06
2140 -2e-06
2145 -1.2e-06
2150 -1e-06
2155 -6e-07
2160 0
2165 -1.2e-06
2170 -2.6e-06
2175 -8e-07
2180 2e-06
2185 6e-07
2190 -2.6e-06
2195 -2.6e-06
2200 0
2205 8e-07
2210 -1.2e-06
2215 -2.4e-06
2220 -1.2e-06
2225 6e-07
2230 0
2235 -1e-06
2240 -8e-07
2245 -8e-07
2250 -8e-07
2255 -8e-07
2260 -6e-07
2265 -1e-06
2270 -1.6e-06
2275 -6e-07
2280 0
2285 -6e-07
2290 -1.4e-06
2295 -8e-07
2300 4e-07
2305 -4e-07
2310 -1.4e-06
2315 -1.4e-06
2320 0
2325 0
2330 -1e-06
2335 -1.4e-06
2340 -4e-07
2345 2e-07
2350 -2e-07
2355 -6e-07
2360 -4e-07
2365 -4e-07
2370 -2e-07
2375 -4e-07
2380 -2e-07
2385 -6e-07
2390 -1e-06
2395 -2e-07
2400 4e-07
2405 -2e-07
2410 -1e-06
2415 -4e-07
2420 0
2425 2e-07
2430 -8e-07
2435 -6e-07
2440 0
2445 0
2450 -4e-07
2455 -4e-07
2460 -2e-07
2465 0
2470 0
2475 -2e-07
2480 -2e-07
2485 0
2490 0
2495 -2e-07
2500 0
2505 -2e-07
2510 -2e-07
2515 0
2520 0
2525 0
2530 -2e-07
2535 0
2540 0
2545 0
2550 0
2555 -2e-07
2560 0
2565 0
2570 0
2575 0
2580 0
2585 0
2590 0
2595 0
2600 0
2605 0
2610 0
2615 0
2620 0
2625 0
2630 0
2635 0
2640 0
2645 0
2650 0
2655 0
2660 0
2665 0
2670 0
2675 0
2680 0
2685 0
2690 0
2695 0
2700 0
2705 0
2710 0
2715 0
2720 0
2725 0
2730 0
2735 0
2740 0
2745 0
2750 0
2755 0
2760 0
2765 0
2770 0
2775 0
2780 0
2785 0
2790 0
2795 0
2800 0
2805 0
2810 0
2815 0
2820 0
2825 0
2830 0
2835 0
2840 0
2845 0
2850 0
2855 0
2860 0
2865 0
2870 0
2875 0
2880 0
2885 0
2890 0
2895 0
2900 0
2905 0
2910 0
2915 0
2920 0
2925 0
2930 0
2935 0
2940 0
2945 0
2950 0
2955 0
2960 0
2965 0
2970 0
2975 0
2980 0
2985 0
2990 0
2995 0
3000 0
3005 0
3010 0
3015 0
3020 0
3025 0
3030 0
3035 0
3040 0
3045 0
3050 0
3055 0
3060 0
3065 0
3070 0
3075 0
3080 0
3085 0
3090 0
3095 0
3100 0
3105 0
3110 0
3115 0
3120 0
3125 0
3130 0
3135 0
3140 0
3145 0
3150 0
3155 0
3160 0
3165 0
3170 0
3175 0
3180 0
3185 0
3190 0
3195 0
3200 0
3205 0
3210 0
3215 0
3220 0
3225 0
3230 0
3235 0
3240 0
3245 0
3250 0
3255 0
3260 0
3265 0
3270 0
3275 0
3280 0
3285 0
3290 0
3295 0
3300 0
3305 0
3310 0
3315 0
3320 0
3325 0
3330 0
3335 0
3340 0
3345 0
3350 0
3355 0
3360 0
3365 0
3370 0
3375 0
3380 0
3385 0
3390 0
3395 0
3400 0
3405 0
3410 0
3415 0
3420 0
3425 0
3430 0
3435 0
3440 0
3445 0
3450 0
3455 0
3460 0
3465 0
3470 0
3475 0
3480 0
3485 0
3490 0
3495 0
3500 0
3505 0
3510 0
3515 0
3520 0
3525 0
3530 0
3535 0
3540 0
3545 0
3550 0
3555 0
3560 0
3565 0
3570 0
3575 0
3580 0
3585 0
3590 0
3595 0
3600 0
3605 0
3610 0
3615 0
3620 0
3625 0
3630 0
3635 0
3640 0
3645 0
3650 0
3655 0
3660 0
3665 0
3670 0
3675 0
3680 0
3685 0
3690 0
3695 0
3700 0
3705 0
3710 0
3715 0
3720 0
3725 0
3730 0
3735 0
3740 0
3745 0
3750 0
3755 0
3760 0
3765 0
3770 0
3775 0
3780 0
3785 0
3790 0
3795 0
3800 0
3805 0
3810 0
3815 0
3820 0
3825 0
3830 0
3835 0
3840 0
3845 0
3850 0
3855 0
3860 0
3865 0
3870 0
3875 0
3880 0
3885 0
3890 0
3895 0
3900 0
3905 0
3910 0
3915 0
3920 0
3925 0
3930 0
3935 0
3940 0
3945 0
3950 0
3955 0
3960 0
3965 0
3970 0
3975 0
3980 0
3985 0
3990 0
3995 0
