0 0.0316552
5 0.0121938
10 -0.0098558
15 -0.0041446
20 0.0134324
25 0.01076
30 -0.0026038
35 -0.0023102
40 0.0070408
45 0.0068602
50 0.001873
55 0.0040444
60 0.0070768
65 0.002299
70 0.0001032
75 0.0064066
80 0.0081536
85 -0.0011566
90 -0.0044512
95 0.0054062
100 0.0103202
105 0.0002102
110 -0.0054292
115 0.005398
120 0.0137192
125 0.0041222
130 -0.0062374
135 -0.0003072
140 0.0091346
145 0.0054798
150 -0.0031652
155 -0.0022064
160 0.0034532
165 0.0042702
170 0.0033426
175 0.0049652
180 0.0032874
185 -0.0014072
190 0.0001524
195 0.0068254
200 0.005083
205 -0.0041676
210 -0.0045872
215 0.0058798
220 0.0089372
225 -0.0005356
230 -0.0049844
235 0.0033354
240 0.0083258
245 0.0013476
250 -0.0037498
255 0.0023104
260 0.0069312
265 0.0012608
270 -0.0042466
275 -0.000521
280 0.0039832
285 0.0022352
290 0.0007396
295 0.0031824
300 0.0030858
305 -0.0009578
310 -0.0004826
315 0.0042496
320 0.0029912
325 -0.0038628
330 -0.003384
335 0.0052342
340 0.0073208
345 -0.001125
350 -0.005541
355 0.0011364
360 0.0069708
365 0.0028122
370 -0.0028412
375 -0.0011928
380 0.0026516
385 0.0018392
390 -0.0003534
395 0.0003348
400 0.001305
405 0.0004912
410 0.0007692
415 0.0024
420 0.0015686
425 -0.0008758
430 1.38e-05
435 0.002874
440 0.0016984
445 -0.0021008
450 -0.0015426
455 0.0027208
460 0.0031168
465 -0.0007934
470 -0.0016168
475 0.0021566
480 0.0035556
485 0.000272
490 -0.0019938
495 -0.000139
500 0.0017534
505 0.0010778
510 0.0003832
515 0.0007944
520 0.000306
525 -0.000587
530 0.000548
535 0.0021212
540 0.0008922
545 -0.0012616
550 -0.0001998
555 0.0023186
560 0.0014026
565 -0.001517
570 -0.0012712
575 0.0015736
580 0.0018046
585 -0.0006348
590 -0.0008716
595 0.0015218
600 0.0018436
605 -0.0006072
610 -0.0014778
615 0.0004406
620 0.0015598
625 0.0003712
630 -0.0004322
635 0.0003848
640 0.0007234
645 -1.72e-05
650 -0.0001282
655 0.0006082
660 0.0003682
665 -0.0004904
670 -0.000139
675 0.0009378
680 0.0005446
685 -0.0007302
690 -0.0005178
695 0.0008606
700 0.0008744
705 -0.0004904
710 -0.0009204
715 0.000121
720 0.000749
725 0.000276
730 -0.0001718
735 -8.8e-05
740 -0.000154
745 -0.0002988
750 4.24e-05
755 0.0003984
760 5.42e-05
765 -0.0003984
770 -0.0001152
775 0.0002922
780 -7.62e-05
785 -0.00057
790 -0.0002824
795 0.0002222
800 5.46e-05
805 -0.000279
810 -6.76e-05
815 0.000171
820 -0.000199
825 -0.0006338
830 -0.0003554
835 4.14e-05
840 -8.84e-05
845 -0.0003368
850 -0.000155
855 1.4e-05
860 -0.0002892
865 -0.000483
870 -0.0001292
875 0.0001552
880 -0.0001416
885 -0.0004752
890 -0.0002502
895 5.74e-05
900 -0.0001202
905 -0.0004622
910 -0.0004112
915 -0.0001188
920 -2.18e-05
925 -0.0001046
930 -0.0001242
935 -0.0001678
940 -0.0002628
945 -0.0002762
950 -0.0001316
955 -0.0001102
960 -0.0002532
965 -0.0003204
970 -0.0001502
975 -2.46e-05
980 -8.36e-05
985 -0.0001754
990 -0.0001944
995 -0.0001594
1000 -0.0001616
1005 -0.0002056
1010 -0.0002334
1015 -0.0002276
1020 -0.0001272
1025 -3.52e-05
1030 -0.0001228
1035 -0.000295
1040 -0.0002846
1045 -7.48e-05
1050 1.76e-05
1055 -0.0001248
1060 -0.0002004
1065 -0.000133
1070 -0.0001464
1075 -0.0002762
1080 -0.0003204
1085 -0.000161
1090 -5.66e-05
1095 -7.58e-05
1100 -0.0001184
1105 -0.0001008
1110 -0.000116
1115 -0.000183
1120 -0.0001924
1125 -0.0001666
1130 -0.0001796
1135 -0.0001856
1140 -0.0001034
1145 -4.12e-05
1150 -0.0001486
1155 -0.0002566
1160 -0.000133
1165 4.72e-05
1170 -2.66e-05
1175 -0.000232
1180 -0.0002272
1185 -5e-05
1190 -1.94e-05
1195 -0.0001644
1200 -0.000257
1205 -0.0001548
1210 -5.34e-05
1215 -8.94e-05
1220 -0.0001414
1225 -0.0001208
1230 -8.36e-05
1235 -9e-05
1240 -0.0001104
1245 -0.0001464
1250 -0.00019
1255 -0.000174
1260 -7.86e-05
1265 -3.24e-05
1270 -0.0001244
1275 -0.000192
1280 -8.98e-05
1285 2.58e-05
1290 -6.6e-05
1295 -0.0002356
1300 -0.0002142
1305 -4.66e-05
1310 -1e-06
1315 -0.000134
1320 -0.000226
1325 -0.0001412
1330 -3.34e-05
1335 -5.16e-05
1340 -0.0001172
1345 -0.000127
1350 -7.68e-05
1355 -2.92e-05
1360 -3.88e-05
1365 -0.0001128
1370 -0.0001798
1375 -0.0001486
1380 -3.86e-05
1385 1e-06
1390 -8.86e-05
1395 -0.0001482
1400 -6.54e-05
1405 2.9e-05
1410 -3.02e-05
1415 -0.0001384
1420 -0.0001182
1425 -1.7e-05
1430 -9.8e-06
1435 -9.74e-05
1440 -0.0001202
1445 -4.52e-05
1450 4.4e-06
1455 -2.74e-05
1460 -7.32e-05
1465 -8.04e-05
1470 -5.74e-05
1475 -3.62e-05
1480 -2.68e-05
1485 -5.32e-05
1490 -0.0001
1495 -8.86e-05
1500 -1.72e-05
1505 1.04e-05
1510 -6.04e-05
1515 -0.0001102
1520 -4.9e-05
1525 3.7e-05
1530 6.2e-06
1535 -8.5e-05
1540 -9.92e-05
1545 -3.42e-05
1550 -3.4e-06
1555 -4.14e-05
1560 -6.66e-05
1565 -3.92e-05
1570 -7.8e-06
1575 -7.2e-06
1580 -2.68e-05
1585 -3.92e-05
1590 -3.8e-05
1595 -2.26e-05
1600 -1.14e-05
1605 -2.8e-05
1610 -5.94e-05
1615 -4.94e-05
1620 -7.6e-06
1625 6e-06
1630 -3.26e-05
1635 -5.6e-05
1640 -2.82e-05
1645 8.8e-06
1650 -2.6e-06
1655 -3.84e-05
1660 -4.6e-05
1665 -1.98e-05
1670 -2e-06
1675 -1.14e-05
1680 -2.94e-05
1685 -3.2e-05
1690 -1.3e-05
1695 6.2e-06
1700 -2e-06
1705 -2.7e-05
1710 -3.78e-05
1715 -1.48e-05
1720 6.4e-06
1725 -8.8e-06
1730 -3.82e-05
1735 -3.12e-05
1740 3e-06
1745 1.28e-05
1750 -1.38e-05
1755 -3.12e-05
1760 -1.52e-05
1765 5.6e-06
1770 -1.2e-06
1775 -1.9e-05
1780 -2.16e-05
1785 -9.2e-06
1790 -3e-06
1795 -7.8e-06
1800 -1.54e-05
1805 -1.54e-05
1810 -7.2e-06
1815 6e-07
1820 -8e-07
1825 -1.04e-05
1830 -1.62e-05
1835 -8.4e-06
1840 2e-07
1845 -5.2e-06
1850 -1.66e-05
1855 -1.48e-05
1860 -1.4e-06
1865 4.4e-06
1870 -5.4e-06
1875 -1.44e-05
1880 -9e-06
1885 1.8e-06
1890 2.6e-06
1895 -7e-06
1900 -1.34e-05
1905 -8.8e-06
1910 4e-07
1915 2.2e-06
1920 -5.4e-06
1925 -1.12e-05
1930 -6.4e-06
1935 2.2e-06
1940 1.8e-06
1945 -6e-06
1950 -8.8e-06
1955 -2.8e-06
1960 -2e-07
1965 -4e-06
1970 -7.6e-06
1975 -4.8e-06
1980 -1.2e-06
1985 -2e-06
1990 -4.6e-06
1995 -4.6e-06
2000 -2.8e-06
2005 -1.4e-06
2010 -1.8e-06
2015 -3.4e-06
2020 -5.4e-06
2025 -4.2e-06
2030 -1.2e-06
2035 6e-07
2040 -2.2e-06
2045 -5.2e-06
2050 -4.2e-06
2055 -8.47033e-23
2060 8e-07
2065 -2.8e-06
2070 -5e-06
2075 -3.2e-06
2080 -2e-07
2085 -2e-07
2090 -3e-06
2095 -4.2e-06
2100 -2e-06
2105 -2e-07
2110 -6e-07
2115 -2e-06
2120 -2.8e-06
2125 -1.8e-06
2130 -6e-07
2135 -1.4e-06
2140 -2e-06
2145 -1.8e-06
2150 -4e-07
2155 -4e-07
2160 -8e-07
2165 -1.6e-06
2170 -1e-06
2175 -6e-07
2180 -6e-07
2185 -1.4e-06
2190 -1.4e-06
2195 -1e-06
2200 -4e-07
2205 -2e-07
2210 -8e-07
2215 -1e-06
2220 -8e-07
2225 -6e-07
2230 -2e-07
2235 -6e-07
2240 -1.2e-06
2245 -1e-06
2250 0
2255 2e-07
2260 -6e-07
2265 -1.2e-06
2270 -8e-07
2275 0
2280 0
2285 -6e-07
2290 -8e-07
2295 -2e-07
2300 -2e-07
2305 -6e-07
2310 -6e-07
2315 -2e-07
2320 2e-07
2325 -2e-07
2330 -2e-07
2335 -2e-07
2340 0
2345 -2e-07
2350 -4e-07
2355 -8e-07
2360 -4e-07
2365 -2e-07
2370 -4e-07
2375 -2e-07
2380 0
2385 -2e-07
2390 -2e-07
2395 -2e-07
2400 0
2405 -2e-07
2410 -2e-07
2415 -2e-07
2420 0
2425 -2e-07
2430 -2e-07
2435 -4e-07
2440 0
2445 0
2450 -2e-07
2455 -2e-07
2460 0
2465 -2e-07
2470 -4e-07
2475 0
2480 0
2485 0
2490 0
2495 0
2500 0
2505 0
2510 0
2515 0
2520 0
2525 0
2530 0
2535 0
2540 0
2545 0
2550 0
2555 0
2560 0
2565 0
2570 0
2575 0
2580 0
2585 0
2590 0
2595 0
2600 0
2605 0
2610 0
2615 0
2620 0
2625 0
2630 0
2635 0
2640 0
2645 0
2650 0
2655 0
2660 0
2665 0
2670 0
2675 0
2680 0
2685 0
2690 0
2695 0
2700 0
2705 0
2710 0
2715 0
2720 0
2725 0
2730 0
2735 0
2740 0
2745 0
2750 0
2755 0
2760 0
2765 0
2770 0
2775 0
2780 0
2785 0
2790 0
2795 0
2800 0
2805 0
2810 0
2815 0
2820 0
2825 0
2830 0
2835 0
2840 0
2845 0
2850 0
2855 0
2860 0
2865 0
2870 0
2875 0
2880 0
2885 0
2890 0
2895 0
2900 0
2905 0
2910 0
2915 0
2920 0
2925 0
2930 0
2935 0
2940 0
2945 0
2950 0
2955 0
2960 0
2965 0
2970 0
2975 0
2980 0
2985 0
2990 0
2995 0
3000 0
3005 0
3010 0
3015 0
3020 0
3025 0
3030 0
3035 0
3040 0
3045 0
3050 0
3055 0
3060 0
3065 0
3070 0
3075 0
3080 0
3085 0
3090 0
3095 0
3100 0
3105 0
3110 0
3115 0
3120 0
3125 0
3130 0
3135 0
3140 0
3145 0
3150 0
3155 0
3160 0
3165 0
3170 0
3175 0
3180 0
3185 0
3190 0
3195 0
3200 0
3205 0
3210 0
3215 0
3220 0
3225 0
3230 0
3235 0
3240 0
3245 0
3250 0
3255 0
3260 0
3265 0
3270 0
3275 0
3280 0
3285 0
3290 0
3295 0
3300 0
3305 0
3310 0
3315 0
3320 0
3325 0
3330 0
3335 0
3340 0
3345 0
3350 0
3355 0
3360 0
3365 0
3370 0
3375 0
3380 0
3385 0
3390 0
3395 0
3400 0
3405 0
3410 0
3415 0
3420 0
3425 0
3430 0
3435 0
3440 0
3445 0
3450 0
3455 0
3460 0
3465 0
3470 0
3475 0
3480 0
3485 0
3490 0
3495 0
3500 0
3505 0
3510 0
3515 0
3520 0
3525 0
3530 0
3535 0
3540 0
3545 0
3550 0
3555 0
3560 0
3565 0
3570 0
3575 0
3580 0
3585 0
3590 0
3595 0
3600 0
3605 0
3610 0
3615 0
3620 0
3625 0
3630 0
3635 0
3640 0
3645 0
3650 0
3655 0
3660 0
3665 0
3670 0
3675 0
3680 0
3685 0
3690 0
3695 0
3700 0
3705 0
3710 0
3715 0
3720 0
3725 0
3730 0
3735 0
3740 0
3745 0
3750 0
3755 0
3760 0
3765 0
3770 0
3775 0
3780 0
3785 0
3790 0
3795 0
3800 0
3805 0
3810 0
3815 0
3820 0
3825 0
3830 0
3835 0
3840 0
3845 0
3850 0
3855 0
3860 0
3865 0
3870 0
3875 0
3880 0
3885 0
3890 0
3895 0
3900 0
3905 0
3910 0
3915 0
3920 0
3925 0
3930 0
3935 0
3940 0
3945 0
3950 0
3955 0
3960 0
3965 0
3970 0
3975 0
3980 0
3985 0
3990 0
3995 0
