0 0.0134578
5 0.0055574
10 -0.0032576
15 -0.0050398
20 0.0002636
25 0.003688
30 0.0017954
35 -0.0014106
40 -0.000883
45 0.0023094
50 0.0040512
55 0.001797
60 -0.0015434
65 -0.002209
70 0.0005616
75 0.0026072
80 0.0017932
85 -0.0001038
90 0.0004728
95 0.002035
100 0.0014022
105 -0.0016694
110 -0.0026826
115 -3.2e-05
120 0.0034812
125 0.0037272
130 0.0014362
135 -0.000657
140 -0.0007592
145 0.0001714
150 0.0001648
155 -0.0007758
160 -0.0007526
165 0.0011214
170 0.0029336
175 0.0023562
180 -6.12e-05
185 -0.0011992
190 -1.86e-05
195 0.0011224
200 0.0002908
205 -0.0006984
210 -4.26e-05
215 0.0017682
220 0.0020876
225 0.0004026
230 -0.0015402
235 -0.00144
240 0.0002228
245 0.00151
250 0.0012854
255 0.00091
260 0.0008806
265 0.0004952
270 -0.0010212
275 -0.0018336
280 -0.0006836
285 0.0015762
290 0.0021576
295 0.000662
300 -0.0007454
305 -4.34e-05
310 0.0013626
315 0.0010424
320 -0.001133
325 -0.002251
330 -0.0006246
335 0.0021762
340 0.0027696
345 0.0005724
350 -0.0017238
355 -0.001354
360 0.000662
365 0.001316
370 -0.0001046
375 -0.000826
380 0.0004476
385 0.0018034
390 0.0009298
395 -0.0011868
400 -0.0019344
405 -0.0004592
410 0.001213
415 0.001346
420 0.000333
425 -0.0003224
430 0.000158
435 0.0007706
440 0.0002382
445 -0.001104
450 -0.0014788
455 -6.48e-05
460 0.0014872
465 0.0013234
470 3e-06
475 -0.0005356
480 9.94e-05
485 0.0003054
490 -0.0004964
495 -0.0010706
500 -0.000185
505 0.0011848
510 0.0013816
515 0.0001344
520 -0.0011284
525 -0.0010484
530 0.0001374
535 0.0008334
540 0.0003596
545 -0.0004408
550 -0.0001486
555 0.00081
560 0.000836
565 -0.0003226
570 -0.0011416
575 -0.0007146
580 0.000255
585 0.000531
590 0.0003102
595 0.0002814
600 0.000421
605 0.0001126
610 -0.0005642
615 -0.0009298
620 -0.000438
625 0.0003866
630 0.000742
635 0.0003372
640 -0.000203
645 -0.0002796
650 6.32e-05
655 7.76e-05
660 -0.0003436
665 -0.0005346
670 1.2e-06
675 0.0006704
680 0.0005924
685 -0.0001018
690 -0.000491
695 -0.0002616
700 7.22e-05
705 -8.5e-05
710 -0.0003694
715 -0.0001718
720 0.0004392
725 0.0007242
730 0.0001882
735 -0.000681
740 -0.0008996
745 -0.000236
750 0.0004758
755 0.0004428
760 -8.5e-05
765 -0.0003046
770 -6.6e-06
775 0.0002226
780 -7.72e-05
785 -0.0004742
790 -0.000456
795 2.76e-05
800 0.000332
805 0.0001888
810 -0.0001526
815 -0.0001976
820 -3.4e-05
825 -5.36e-05
830 -0.0003442
835 -0.00039
840 -1.56e-05
845 0.0004378
850 0.0003246
855 -0.0001912
860 -0.0005186
865 -0.0002896
870 7.5e-05
875 0.0001334
880 -0.0001034
885 -0.0001686
890 7.2e-06
895 0.000203
900 3.74e-05
905 -0.000255
910 -0.0003798
915 -0.0001628
920 6.36e-05
925 7.16e-05
930 -5.22e-05
935 -3.54e-05
940 4.46e-05
945 -1.66e-05
950 -0.0002644
955 -0.0003554
960 -0.000158
965 0.0001108
970 0.0001368
975 -2.5e-05
980 -0.000119
985 -5.96e-05
990 -4.72e-05
995 -0.0001452
1000 -0.0002436
1005 -0.0001652
1010 5.78e-05
1015 0.0001888
1020 5.74e-05
1025 -0.0001822
1030 -0.0002402
1035 -6.52e-05
1040 6.64e-05
1045 -2.98e-05
1050 -0.0001792
1055 -0.0001194
1060 0.0001142
1065 0.0001626
1070 -6.16e-05
1075 -0.0002976
1080 -0.000254
1085 -2.6e-05
1090 0.0001132
1095 4.94e-05
1100 -6.52e-05
1105 -7.3e-05
1110 3.5e-05
1115 3.2e-05
1120 -0.0001052
1125 -0.0002214
1130 -0.0001272
1135 6.6e-05
1140 0.0001324
1145 -1.14e-05
1150 -0.0001322
1155 -8.8e-05
1160 4.56e-05
1165 3.26e-05
1170 -0.0001028
1175 -0.0001504
1180 -2.6e-05
1185 9.08e-05
1190 6.12e-05
1195 -7.54e-05
1200 -0.0001474
1205 -8.76e-05
1210 8.6e-06
1215 6.8e-06
1220 -3.1e-05
1225 -2.9e-05
1230 3.46e-05
1235 5e-05
1240 -3e-05
1245 -0.000131
1250 -0.0001216
1255 -3.08e-05
1260 2.78e-05
1265 4.2e-06
1270 -3.46e-05
1275 -2.2e-05
1280 1.32e-05
1285 1.2e-06
1290 -5.44e-05
1295 -8.6e-05
1300 -4.26e-05
1305 1.42e-05
1310 2.42e-05
1315 -1.76e-05
1320 -4.56e-05
1325 -2.8e-05
1330 -9.4e-06
1335 -2.76e-05
1340 -5.04e-05
1345 -3.04e-05
1350 2.5e-05
1355 4.74e-05
1360 -5.8e-06
1365 -7.42e-05
1370 -7.18e-05
1375 -1.78e-05
1380 8.8e-06
1385 -2.24e-05
1390 -5.24e-05
1395 -1.58e-05
1400 3.96e-05
1405 3.74e-05
1410 -3.24e-05
1415 -7.66e-05
1420 -4.82e-05
1425 9.6e-06
1430 1.6e-05
1435 -2.14e-05
1440 -3.98e-05
1445 -1.22e-05
1450 1.36e-05
1455 2e-06
1460 -4.12e-05
1465 -5.26e-05
1470 -1.58e-05
1475 2.86e-05
1480 2.06e-05
1485 -2.54e-05
1490 -4.86e-05
1495 -1.9e-05
1500 1.72e-05
1505 5.2e-06
1510 -3.02e-05
1515 -3.32e-05
1520 2e-06
1525 2.92e-05
1530 5.6e-06
1535 -3.26e-05
1540 -3.92e-05
1545 -1.08e-05
1550 7.8e-06
1555 -3.8e-06
1560 -2.2e-05
1565 -1.4e-05
1570 1.14e-05
1575 1.56e-05
1580 -1.08e-05
1585 -3.28e-05
1590 -2.16e-05
1595 6.8e-06
1600 1.46e-05
1605 -8e-06
1610 -2.48e-05
1615 -1.2e-05
1620 9.4e-06
1625 7.8e-06
1630 -1.42e-05
1635 -2.36e-05
1640 -8e-06
1645 1.16e-05
1650 9e-06
1655 -9.6e-06
1660 -1.7e-05
1665 -8e-06
1670 2.4e-06
1675 -1.8e-06
1680 -1.02e-05
1685 -8.4e-06
1690 5.4e-06
1695 1.04e-05
1700 -2e-07
1705 -1.24e-05
1710 -1.2e-05
1715 1.69407e-22
1720 6.4e-06
1725 -2e-06
1730 -1.14e-05
1735 -8.6e-06
1740 3.2e-06
1745 6.2e-06
1750 -2.4e-06
1755 -9e-06
1760 -5e-06
1765 4.6e-06
1770 5.8e-06
1775 -2e-06
1780 -7.6e-06
1785 -4e-06
1790 1.6e-06
1795 -1.69407e-22
1800 -6.6e-06
1805 -6.8e-06
1810 8e-07
1815 6.4e-06
1820 3e-06
1825 -4.6e-06
1830 -6.6e-06
1835 -1.4e-06
1840 3.2e-06
1845 6e-07
1850 -5.2e-06
1855 -5.4e-06
1860 1e-06
1865 4.6e-06
1870 8e-07
1875 -4.4e-06
1880 -3.4e-06
1885 6e-07
1890 1.8e-06
1895 -1.6e-06
1900 -3.8e-06
1905 -1.6e-06
1910 2.4e-06
1915 2.2e-06
1920 -2e-06
1925 -4.2e-06
1930 -2e-06
1935 1.8e-06
1940 2.6e-06
1945 2e-07
1950 -3e-06
1955 -2.2e-06
1960 4e-07
1965 1.2e-06
1970 -1e-06
1975 -2.4e-06
1980 -1.2e-06
1985 1e-06
1990 1.2e-06
1995 -4e-07
2000 -1.2e-06
2005 -8e-07
2010 -4e-07
2015 -6e-07
2020 -1.2e-06
2025 -4e-07
2030 6e-07
2035 8e-07
2040 0
2045 -1e-06
2050 -1e-06
2055 2e-07
2060 6e-07
2065 -2e-07
2070 -1.2e-06
2075 -6e-07
2080 2e-07
2085 4e-07
2090 -6e-07
2095 -8e-07
2100 -4e-07
2105 6e-07
2110 2e-07
2115 -4e-07
2120 -2e-07
2125 4e-07
2130 2e-07
2135 -4e-07
2140 -8e-07
2145 -4e-07
2150 4e-07
2155 6e-07
2160 0
2165 -6e-07
2170 -6e-07
2175 0
2180 4e-07
2185 0
2190 -6e-07
2195 -2e-07
2200 2e-07
2205 2e-07
2210 0
2215 -4e-07
2220 -2e-07
2225 0
2230 -2e-07
2235 -2e-07
2240 -2e-07
2245 -2e-07
2250 2e-07
2255 2e-07
2260 -2e-07
2265 -4e-07
2270 0
2275 0
2280 0
2285 0
2290 0
2295 -2e-07
2300 -2e-07
2305 0
2310 -2e-07
2315 -2e-07
2320 0
2325 0
2330 0
2335 0
2340 0
2345 0
2350 0
2355 0
2360 0
2365 0
2370 0
2375 0
2380 0
2385 0
2390 0
2395 0
2400 0
2405 0
2410 0
2415 0
2420 0
2425 0
2430 0
2435 0
2440 0
2445 0
2450 0
2455 0
2460 0
2465 0
2470 0
2475 0
2480 0
2485 0
2490 0
2495 0
2500 0
2505 0
2510 0
2515 0
2520 0
2525 0
2530 0
2535 0
2540 0
2545 0
2550 0
2555 0
2560 0
2565 0
2570 0
2575 0
2580 0
2585 0
2590 0
2595 0
2600 0
2605 0
2610 0
2615 0
2620 0
2625 0
2630 0
2635 0
2640 0
2645 0
2650 0
2655 0
2660 0
2665 0
2670 0
2675 0
2680 0
2685 0
2690 0
2695 0
2700 0
2705 0
2710 0
2715 0
2720 0
2725 0
2730 0
2735 0
2740 0
2745 0
2750 0
2755 0
2760 0
2765 0
2770 0
2775 0
2780 0
2785 0
2790 0
2795 0
2800 0
2805 0
2810 0
2815 0
2820 0
2825 0
2830 0
2835 0
2840 0
2845 0
2850 0
2855 0
2860 0
2865 0
2870 0
2875 0
2880 0
2885 0
2890 0
2895 0
2900 0
2905 0
2910 0
2915 0
2920 0
2925 0
2930 0
2935 0
2940 0
2945 0
2950 0
2955 0
2960 0
2965 0
2970 0
2975 0
2980 0
2985 0
2990 0
2995 0
3000 0
3005 0
3010 0
3015 0
3020 0
3025 0
3030 0
3035 0
3040 0
3045 0
3050 0
3055 0
3060 0
3065 0
3070 0
3075 0
3080 0
3085 0
3090 0
3095 0
3100 0
3105 0
3110 0
3115 0
3120 0
3125 0
3130 0
3135 0
3140 0
3145 0
3150 0
3155 0
3160 0
3165 0
3170 0
3175 0
3180 0
3185 0
3190 0
3195 0
3200 0
3205 0
3210 0
3215 0
3220 0
3225 0
3230 0
3235 0
3240 0
3245 0
3250 0
3255 0
3260 0
3265 0
3270 0
3275 0
3280 0
3285 0
3290 0
3295 0
3300 0
3305 0
3310 0
3315 0
3320 0
3325 0
3330 0
3335 0
3340 0
3345 0
3350 0
3355 0
3360 0
3365 0
3370 0
3375 0
3380 0
3385 0
3390 0
3395 0
3400 0
3405 0
3410 0
3415 0
3420 0
3425 0
3430 0
3435 0
3440 0
3445 0
3450 0
3455 0
3460 0
3465 0
3470 0
3475 0
3480 0
3485 0
3490 0
3495 0
3500 0
3505 0
3510 0
3515 0
3520 0
3525 0
3530 0
3535 0
3540 0
3545 0
3550 0
3555 0
3560 0
3565 0
3570 0
3575 0
3580 0
3585 0
3590 0
3595 0
3600 0
3605 0
3610 0
3615 0
3620 0
3625 0
3630 0
3635 0
3640 0
3645 0
3650 0
3655 0
3660 0
3665 0
3670 0
3675 0
3680 0
3685 0
3690 0
3695 0
3700 0
3705 0
3710 0
3715 0
3720 0
3725 0
3730 0
3735 0
3740 0
3745 0
3750 0
3755 0
3760 0
3765 0
3770 0
3775 0
3780 0
3785 0
3790 0
3795 0
3800 0
3805 0
3810 0
3815 0
3820 0
3825 0
3830 0
3835 0
3840 0
3845 0
3850 0
3855 0
3860 0
3865 0
3870 0
3875 0
3880 0
3885 0
3890 0
3895 0
3900 0
3905 0
3910 0
3915 0
3920 0
3925 0
3930 0
3935 0
3940 0
3945 0
3950 0
3955 0
3960 0
3965 0
3970 0
3975 0
3980 0
3985 0
3990 0
3995 0
