0.00000 0.00000
2.65448 8.05385
5.30896 17.13865
7.96344 27.59113
10.61792 38.75352
13.27240 49.21768
15.92688 57.44397
18.58136 62.39851
21.23584 63.89530
23.89032 62.53909
26.54480 59.38416
29.19928 55.52862
31.85376 51.82789
34.50824 48.79678
37.16272 46.65928
39.81720 45.45174
42.47168 45.09652
45.12616 45.41640
47.78064 46.11804
50.43512 46.80030
53.08960 47.02571
55.74408 46.44417
58.39856 44.91453
61.05304 42.56201
63.70752 39.74184
66.36200 36.92534
69.01648 34.55656
71.67096 32.93169
74.32544 32.13816
76.97992 32.06643
79.63440 32.48156
82.28888 33.11973
84.94336 33.76714
87.59784 34.29391
90.25232 34.64635
92.90680 34.82448
95.56128 34.86815
98.21576 34.85045
100.87024 34.85976
103.52472 34.96092
106.17920 35.15430
108.83368 35.36518
111.48816 35.47816
114.14264 35.39623
116.79712 35.08662
119.45160 34.59129
122.10608 34.01047
124.76056 33.48160
127.41504 33.16337
130.06952 33.21487
132.72400 33.75972
135.37848 34.84301
138.03296 36.40346
140.68744 38.27536
143.34192 40.21550
145.99640 41.94155
148.65088 43.17948
151.30536 43.72849
153.95984 43.54011
156.61432 42.77857
159.26880 41.81399
161.92328 41.12532
164.57776 41.14494
167.23224 42.11859
169.88672 44.04785
172.54120 46.73236
175.19568 49.87413
177.85016 53.18203
180.50464 56.42960
183.15912 59.45290
185.81360 62.10636
188.46808 64.21269
191.12256 65.54569
193.77704 65.87059
196.43152 65.03584
199.08600 63.07639
201.74048 60.27280
204.39496 57.12669
207.04944 54.25382
209.70392 52.23329
212.35840 51.46475
215.01288 52.07481
217.66736 53.89320
220.32184 56.50185
222.97632 59.34403
225.63080 61.86441
228.28527 63.63794
230.93975 64.44896
233.59423 64.30369
236.24871 63.38733
238.90319 61.99194
241.55767 60.43876
244.21215 59.00811
246.86663 57.88492
249.52111 57.12900
252.17559 56.67613
254.83007 56.36741
257.48455 55.99538
260.13903 55.35714
262.79351 54.31182
265.44799 52.83849
268.10247 51.07848
270.75695 49.33660
273.41143 48.02675
276.06591 47.57752
278.72039 48.33463
281.37487 50.49078
284.02935 54.04594
286.68383 58.78569
289.33831 64.27858
291.99279 69.91703
294.64727 75.02258
297.30175 78.99629
299.95623 81.45313
302.61071 82.28112
305.26519 81.61687
307.91967 79.78176
310.57415 77.22753
313.22863 74.49557
315.88311 72.15351
318.53759 70.68415
321.19207 70.35847
323.84655 71.16702
326.50103 72.86536
329.15551 75.12027
331.80999 77.68185
334.46447 80.49784
337.11895 83.72533
339.77343 87.64138
342.42791 92.48261
345.08239 98.26086
347.73687 104.62232
350.39135 110.83141
353.04583 115.93486
355.70031 119.08170
358.35479 119.87599
361.00927 118.58781
363.66375 116.09171
366.31823 113.52846
368.97271 111.83094
371.62719 111.33797
374.28167 111.69108
376.93615 112.07281
379.59063 111.66327
382.24511 110.06459
384.89959 107.45700
387.55407 104.41297
390.20855 101.51254
392.86303 99.02271
395.51751 96.83833
398.17199 94.68029
400.82647 92.36767
403.48095 89.95834
406.13543 87.68697
408.78991 85.78993
411.44439 84.36374
414.09887 83.33522
416.75335 82.52187
419.40783 81.72050
422.06231 80.78959
424.71679 79.71953
427.37127 78.67273
430.02575 77.95310
432.68023 77.88878
435.33471 78.68155
437.98919 80.31922
440.64367 82.60327
443.29815 85.24748
445.95263 87.95423
448.60711 90.43082
451.26159 92.40458
453.91607 93.71494
456.57055 94.46227
459.22503 95.07922
461.87951 96.20251
464.53399 98.38551
467.18847 101.86055
469.84295 106.55616
472.49743 112.36826
475.15191 119.44559
477.80639 128.19879
480.46087 138.94398
483.11535 151.39406
485.76983 164.37184
488.42431 176.01343
491.07879 184.43593
493.73327 188.56131
496.38775 188.68625
499.04223 186.50428
501.69671 184.54361
504.35119 185.25294
507.00567 190.13123
509.66015 199.28069
512.31463 211.56671
514.96911 225.28599
517.62359 239.02575
520.27807 252.35886
522.93255 266.15982
525.58703 282.52087
528.24151 304.35552
530.89599 334.76221
533.55047 376.17611
536.20495 429.38896
538.85943 492.69112
541.51391 561.56217
544.16839 629.31364
546.82287 688.76266
549.47735 734.47928
552.13183 764.68269
554.78631 781.78747
557.44079 791.08898
560.09527 797.97786
562.74975 804.93596
565.40423 809.85370
568.05871 806.64857
570.71319 787.98620
573.36767 748.76852
576.02215 688.64970
578.67663 612.42075
581.33111 528.28771
583.98559 445.10823
586.64007 369.95277
589.29455 306.87257
591.94903 256.94441
594.60351 219.08851
597.25799 191.07463
599.91247 170.38612
602.56695 154.86578
605.22143 143.12822
607.87591 134.66190
610.53039 129.55419
613.18487 127.93662
615.83935 129.44759
618.49383 133.04741
621.14831 137.31347
623.80279 141.01974
626.45727 143.60323
629.11175 145.19808
631.76623 146.22344
634.42071 146.82385
637.07519 146.55585
639.72967 144.53456
642.38415 139.93666
645.03863 132.52843
647.69311 122.89449
650.34759 112.25557
653.00207 102.01908
655.65655 93.33764
658.31103 86.90062
660.96551 83.01443
663.61999 81.85635
666.27447 83.70077
668.92895 88.94711
671.58343 97.90170
674.23791 110.42489
676.89239 125.66610
679.54686 142.09520
682.20134 157.88189
684.85582 171.46323
687.51030 182.02049
690.16478 189.65725
692.81926 195.27796
695.47374 200.34005
698.12822 206.65250
700.78270 216.23811
703.43718 231.13172
706.09166 253.00440
708.74614 282.67568
711.40062 319.74035
714.05510 362.53405
716.70958 408.48234
719.36406 454.66263
722.01854 498.31572
724.67302 537.12258
727.32750 569.23655
729.98198 593.21600
732.63646 608.05675
735.29094 613.45250
737.94542 610.24005
740.59990 600.79553
743.25438 589.07540
745.90886 580.15327
748.56334 579.45622
751.21782 592.22797
753.87230 623.76785
756.52678 680.61848
759.18126 772.29153
761.83574 912.65329
764.49022 1119.94024
767.14470 1414.52415
769.79918 1813.93891
772.45366 2325.41209
775.10814 2937.35313
777.76262 3612.71506
780.41710 4288.01884
783.07158 4881.00558
785.72606 5306.92710
788.38054 5499.38988
791.03502 5428.60703
793.68950 5109.94435
796.34398 4599.21210
798.99846 3976.57864
801.65294 3325.44546
804.30742 2713.92560
806.96190 2184.41647
809.61638 1752.70450
812.27086 1414.30101
814.92534 1153.82828
817.57982 953.50882
820.23430 798.41736
822.88878 678.08652
825.54326 585.51402
828.19774 515.23037
830.85222 461.86239
833.50670 419.86066
836.16118 384.19976
838.81566 351.33633
841.47014 319.71871
844.12462 289.55824
846.77910 262.05970
849.43358 238.56300
852.08806 219.98020
854.74254 206.65008
857.39702 198.48657
860.05150 195.20509
862.70598 196.47744
865.36046 201.99666
868.01494 211.51012
870.66942 224.84678
873.32390 241.86924
875.97838 262.24483
878.63286 285.04433
881.28734 308.39279
883.94182 329.52448
886.59630 345.45327
889.25078 354.08159
891.90526 355.19590
894.55974 350.74889
897.21422 344.19554
899.86870 339.19483
902.52318 338.32442
905.17766 342.36653
907.83214 350.32580
910.48662 359.95535
913.14110 368.43814
915.79558 372.98884
918.45006 371.32460
921.10454 362.04072
923.75902 344.90227
926.41350 321.00312
929.06798 292.71152
931.72246 263.33105
934.37694 236.45788
937.03142 215.12901
939.68590 201.00896
942.34038 193.95374
944.99486 192.19456
947.64934 193.09411
950.30382 194.11926
952.95830 193.57780
955.61278 190.85887
958.26726 186.23303
960.92174 180.45341
963.57622 174.35735
966.23070 168.53069
968.88518 163.05839
971.53966 157.46951
974.19414 151.01723
976.84862 143.26805
979.50310 134.69316
982.15758 126.83755
984.81206 121.86764
987.46654 121.72788
990.12102 127.41421
992.77550 138.75669
995.42998 154.71440
998.08446 173.87390
1000.73894 194.85148
1003.39342 216.53879
1006.04790 238.30565
1008.70238 260.20936
1011.35686 283.07219
1014.01134 308.23760
1016.66582 337.00678
1019.32030 370.03801
1021.97478 407.11090
1024.62926 447.51859
1027.28374 491.06417
1029.93822 539.36974
1032.59270 597.02901
1035.24718 672.04932
1037.90166 775.09593
1040.55614 917.38093
1043.21062 1107.61015
1045.86510 1348.91910
1048.51958 1636.78778
1051.17406 1958.41159
1053.82854 2293.32095
1056.48302 2614.80789
1059.13750 2892.15365
1061.79198 3094.23088
1064.44646 3194.90334
1067.10094 3179.43156
1069.75542 3049.56377
1072.40990 2824.53478
1075.06438 2536.64822
1077.71886 2222.85809
1080.37334 1915.99172
1083.02782 1639.33650
1085.68230 1406.12305
1088.33678 1222.51067
1090.99126 1091.03519
1093.64574 1012.06665
1096.30022 982.90999
1098.95470 996.07156
1101.60918 1038.64055
1104.26366 1093.72324
1106.91814 1143.45772
1109.57262 1172.37916
1112.22710 1170.07087
1114.88158 1132.64008
1117.53606 1062.99765
1120.19054 970.02494
1122.84502 866.73738
1125.49950 767.75608
1128.15398 686.69608
1130.80846 634.15291
1133.46293 616.64760
1136.11741 636.38536
1138.77189 691.41744
1141.42637 775.98839
1144.08085 881.27988
1146.73533 996.95100
1149.38981 1113.53458
1152.04429 1225.07979
1154.69877 1330.97875
1157.35325 1436.11194
1160.00773 1549.22477
1162.66221 1680.27425
1165.31669 1837.78460
1167.97117 2026.87700
1170.62565 2247.97503
1173.28013 2495.81970
1175.93461 2758.64974
1178.58909 3017.97856
1181.24357 3249.76550
1183.89805 3427.51155
1186.55253 3526.97237
1189.20701 3531.27624
1191.86149 3434.83392
1194.51597 3244.77191
1197.17045 2979.50101
1199.82493 2664.97495
1202.47941 2329.79170
1205.13389 2000.40150
1207.78837 1697.42919
1210.44285 1433.70442
1213.09733 1214.16989
1215.75181 1037.43966
1218.40629 898.40511
1221.06077 790.99774
1223.71525 710.17762
1226.36973 652.57024
1229.02421 615.86855
1231.67869 597.80185
1234.33317 595.66676
1236.98765 606.87919
1239.64213 630.05040
1242.29661 665.45892
1244.95109 714.10496
1247.60557 775.69903
1250.26005 847.08100
1252.91453 922.69144
1255.56901 997.56404
1258.22349 1071.65214
1260.87797 1153.34146
1263.53245 1260.34532
1266.18693 1417.37591
1268.84141 1651.05347
1271.49589 1982.93865
1274.15037 2421.74086
1276.80485 2956.35033
1279.45933 3552.30752
1282.11381 4154.58233
1284.76829 4697.92017
1287.42277 5122.64072
1290.07725 5390.45206
1292.73173 5493.90088
1295.38621 5455.52753
1298.04069 5317.39619
1300.69517 5125.77624
1303.34965 4917.20050
1306.00413 4710.60256
1308.65861 4507.10845
1311.31309 4296.09770
1313.96757 4064.38498
1316.62205 3804.91248
1319.27653 3521.92032
1321.93101 3230.98010
1324.58549 2954.29712
1327.23997 2713.69536
1329.89445 2524.75179
1332.54893 2394.92597
1335.20341 2326.35693
1337.85789 2321.34259
1340.51237 2386.88743
1343.16685 2535.23621
1345.82133 2780.03296
1348.47581 3131.25414
1351.13029 3593.93086
1353.78477 4173.75936
1356.43925 4887.00507
1359.09373 5765.85634
1361.74821 6848.79778
1364.40269 8152.23431
1367.05717 9632.64372
1369.71165 11160.13397
1372.36613 12525.07695
1375.02061 13485.69703
1377.67509 13842.22851
1380.32957 13505.88436
1382.98405 12530.26112
1385.63853 11090.62741
1388.29301 9422.47724
1390.94749 7749.25108
1393.60197 6230.04916
1396.25645 4943.03929
1398.91093 3900.21432
1401.56541 3076.36448
1404.21989 2434.86263
1406.87437 1941.56053
1409.52885 1567.85657
1412.18333 1288.86241
1414.83781 1081.79152
1417.49229 926.29561
1420.14677 805.86756
1422.80125 708.86979
1425.45573 628.47647
1428.11021 561.62706
1430.76469 507.46499
1433.41917 465.81509
1436.07365 436.19932
1438.72813 417.63931
1441.38261 409.03145
1444.03709 409.49763
1446.69157 418.19520
1449.34605 433.63707
1452.00053 453.15823
1454.65501 473.22256
1457.30949 490.69875
1459.96397 504.50937
1462.61845 516.75221
1465.27293 532.69036
1467.92741 559.59257
1470.58189 604.83599
1473.23637 673.79490
1475.89085 767.99020
1478.54533 883.95642
1481.19981 1013.25583
1483.85429 1143.83549
1486.50877 1262.42591
1489.16325 1357.17836
1491.81773 1419.62409
1494.47221 1445.46570
1497.12669 1434.39225
1499.78117 1389.52748
1502.43565 1316.96650
1505.09013 1225.31405
1507.74461 1124.73862
1510.39909 1025.22325
1513.05357 934.35877
1515.70805 855.65852
1518.36253 788.40241
1521.01701 729.29819
1523.67149 675.20655
1526.32597 625.50958
1528.98045 582.86965
1531.63493 552.02787
1534.28941 537.35780
1536.94389 540.48882
1539.59837 559.15858
1542.25285 587.73567
1544.90733 619.03593
1547.56181 646.55572
1550.21629 666.21062
1552.87077 676.99136
1555.52525 680.41713
1558.17973 679.10174
1560.83421 675.04635
1563.48869 668.36764
1566.14317 657.01489
1568.79765 637.63502
1571.45213 607.23746
1574.10661 564.91613
1576.76109 512.82112
1579.41557 455.90190
1582.07005 400.51053
1584.72453 352.46662
1587.37900 315.38781
1590.03348 289.91429
1592.68796 274.03588
1595.34244 264.29109
1597.99692 257.32218
1600.65140 251.20120
1603.30588 246.06581
1605.96036 243.87012
1608.61484 247.39545
1611.26932 258.96650
1613.92380 279.44271
1616.57828 307.91306
1619.23276 342.17166
1621.88724 379.67765
1624.54172 418.51356
1627.19620 457.93065
1629.85068 498.32523
1632.50516 540.77057
1635.15964 586.41564
1637.81412 636.10474
1640.46860 690.44961
1643.12308 750.29285
1645.77756 817.12911
1648.43204 892.84018
1651.08652 978.33289
1653.74100 1071.38992
1656.39548 1164.87351
1659.04996 1246.71238
1661.70444 1302.42702
1664.35892 1319.55029
1667.01340 1292.04369
1669.66788 1222.58943
1672.32236 1121.68355
1674.97684 1004.10695
1677.63132 884.55088
1680.28580 774.24678
1682.94028 679.55851
1685.59476 602.39771
1688.24924 541.71654
1690.90372 495.35489
1693.55820 461.80191
1696.21268 441.56897
1698.86716 437.80741
1701.52164 455.81827
1704.17612 501.43034
1706.83060 578.76487
1709.48508 688.26705
1712.13956 825.74959
1714.79404 982.63079
1717.44852 1146.98460
1720.10300 1304.86785
1722.75748 1441.69276
1725.41196 1543.80341
1728.06644 1600.44737
1730.72092 1605.90680
1733.37540 1561.02461
1736.02988 1473.25847
1738.68436 1354.93849
1741.33884 1220.28419
1743.99332 1082.34260
1746.64780 950.93072
1749.30228 832.01323
1751.95676 728.22869
1754.61124 639.94667
1757.26572 566.34804
1759.92020 506.28255
1762.57468 458.79528
1765.22916 423.22646
1767.88364 398.86818
1770.53812 384.38988
1773.19260 377.44963
1775.84708 374.84063
1778.50156 373.16325
1781.15604 369.64210
1783.81052 362.64196
1786.46500 351.70518
1789.11948 337.25798
1791.77396 320.23105
1794.42844 301.70891
1797.08292 282.60157
1799.73740 263.38543
1802.39188 244.07476
1805.04636 224.52253
1807.70084 204.87605
1810.35532 185.79823
1813.00980 168.19849
1815.66428 152.64598
1818.31876 138.96176
1820.97324 126.36134
1823.62772 114.03724
1826.28220 101.69722
1828.93668 89.66534
1831.59116 78.58975
1834.24564 69.12206
1836.90012 61.83588
1839.55460 57.30233
1842.20908 56.05838
1844.86356 58.37785
1847.51804 64.04565
1850.17252 72.37509
1852.82700 82.44640
1855.48148 93.30611
1858.13596 103.95592
1860.79044 113.28082
1863.44492 120.21798
1866.09940 124.22218
1868.75388 125.68489
1871.40836 125.87983
1874.06284 126.39034
1876.71732 128.45019
1879.37180 132.68953
1882.02628 139.34505
1884.68076 148.53015
1887.33524 160.17246
1889.98972 173.69540
1892.64420 187.91561
1895.29868 201.48183
1897.95316 213.61362
1900.60764 224.50398
1903.26212 234.96710
1905.91660 245.55443
1908.57108 255.82035
1911.22556 264.28182
1913.88004 269.05895
1916.53452 268.73083
1919.18900 262.92054
1921.84348 252.40877
1924.49796 238.83433
1927.15244 224.12517
1929.80692 209.83150
1932.46140 196.61428
1935.11588 184.17417
1937.77036 171.70844
1940.42484 158.61165
1943.07932 144.91912
1945.73380 131.19744
1948.38828 118.07205
1951.04276 105.88304
1953.69724 94.76884
1956.35172 84.99184
1959.00620 77.05641
1961.66068 71.40841
1964.31516 67.98773
1966.96964 66.10590
1969.62412 64.82340
1972.27860 63.51914
1974.93308 62.17628
1977.58756 61.20289
1980.24204 61.03046
1982.89652 61.86317
1985.55100 63.71622
1988.20548 66.58794
1990.85996 70.55612
1993.51444 75.74948
1996.16892 82.27099
1998.82340 90.11139
2001.47788 99.01958
2004.13236 108.36583
2006.78684 117.17997
2009.44132 124.52450
2012.09580 130.07479
2014.75028 134.47990
2017.40476 139.13036
2020.05924 145.40426
2022.71372 153.90158
2025.36820 164.17057
2028.02268 174.97953
2030.67716 184.76080
2033.33164 191.87959
2035.98612 194.77407
2038.64059 192.27341
2041.29507 184.18335
2043.94955 171.75990
2046.60403 157.53571
2049.25851 144.38527
2051.91299 134.35169
2054.56747 127.98049
2057.22195 124.48391
2059.87643 122.41153
2062.53091 120.24762
2065.18539 116.66914
2067.83987 110.66326
2070.49435 101.79699
2073.14883 90.59425
2075.80331 78.64007
2078.45779 68.11782
2081.11227 60.93385
2083.76675 57.94285
2086.42123 58.70848
2089.07571 61.82579
2091.73019 65.49818
2094.38467 68.05530
2097.03915 68.30307
2099.69363 65.73542
2102.34811 60.60715
2105.00259 53.81096
2107.65707 46.56589
2110.31155 40.05343
2112.96603 35.15712
2115.62051 32.33043
2118.27499 31.50330
2120.92947 32.00209
2123.58395 32.62508
2126.23843 32.03383
2128.89291 29.37641
2131.54739 24.76427
2134.20187 19.22179
2136.85635 14.09661
2139.51083 10.34497
2142.16531 8.18198
2144.81979 7.24274
2147.47427 6.98204
2150.12875 6.94308
2152.78323 6.78478
2155.43771 6.24474
2158.09219 5.22201
2160.74667 3.93436
2163.40115 2.94908
2166.05563 2.99546
2168.71011 4.69676
2171.36459 8.42242
2174.01907 14.28563
2176.67355 22.13243
2179.32803 31.43111
2181.98251 41.21068
2184.63699 50.29490
2187.29147 57.83956
2189.94595 63.81116
2192.60043 68.96142
2195.25491 74.21988
2197.90939 79.93703
2200.56387 85.56887
2203.21835 90.03145
2205.87283 92.41161
2208.52731 92.49639
2211.18179 90.83599
2213.83627 88.46806
2216.49075 86.58961
2219.14523 86.29059
2221.79971 88.25914
2224.45419 92.42308
2227.10867 97.73681
2229.76315 102.41401
2232.41763 104.63961
2235.07211 103.37803
2237.72659 98.75198
2240.38107 91.78475
2243.03555 83.80129
2245.69003 75.99631
2248.34451 69.40893
2250.99899 65.08027
2253.65347 63.98564
2256.30795 66.60899
2258.96243 72.47804
2261.61691 80.14329
2264.27139 87.77921
2266.92587 94.07818
2269.58035 98.84480
2272.23483 102.89978
2274.88931 107.38230
2277.54379 112.90946
2280.19827 119.07131
2282.85275 124.47413
2285.50723 127.24374
2288.16171 125.74179
2290.81619 119.23422
2293.47067 108.28662
2296.12515 94.71175
2298.77963 81.01246
2301.43411 69.48034
2304.08859 61.33329
2306.74307 56.32441
2309.39755 53.03335
2312.05203 49.67136
2314.70651 44.95068
2317.36099 38.58207
2320.01547 31.23725
2322.66995 24.11997
2325.32443 18.42269
2327.97891 14.88243
2330.63339 13.53027
2333.28787 13.67582
2335.94235 14.15890
2338.59683 13.82952
2341.25131 12.06507
2343.90579 9.03586
2346.56027 5.54042
2349.21475 2.52198
2351.86923 0.61196
2354.52371 0.00000
2357.17819 0.63099
2359.83267 2.45549
2362.48715 5.47143
2365.14163 9.56075
2367.79611 14.35643
2370.45059 19.32973
2373.10507 24.03129
2375.75955 28.25017
2378.41403 31.96503
2381.06851 35.21812
2383.72299 38.13126
2386.37747 41.07636
2389.03195 44.73694
2391.68643 49.79885
2394.34091 56.35621
2396.99539 63.48417
2399.64987 69.41444
2402.30435 72.30709
2404.95883 71.13259
2407.61331 66.10038
2410.26779 58.44895
2412.92227 49.87152
2415.57675 41.98579
2418.23123 36.02647
2420.88571 32.67053
2423.54019 31.89250
2426.19467 32.94233
2428.84915 34.63496
2431.50363 35.95234
2434.15811 36.64937
2436.81259 37.46063
2439.46707 39.75956
2442.12155 44.90443
2444.77603 53.67303
2447.43051 66.02723
2450.08499 81.16494
2452.73947 97.68789
2455.39395 113.79872
2458.04843 127.56455
2460.70291 137.27408
2463.35739 141.79921
2466.01187 140.81071
2468.66635 134.77478
2471.32083 124.77988
2473.97531 112.27790
2476.62979 98.77338
2479.28427 85.48253
2481.93875 73.07309
2484.59323 61.67089
2487.24771 51.21275
2489.90219 41.95372
2492.55666 34.74205
2495.21114 30.79352
2497.86562 31.07709
2500.52010 35.73968
2503.17458 43.95779
2505.82906 54.25120
2508.48354 64.96688
2511.13802 74.62445
2513.79250 82.06032
2516.44698 86.51545
2519.10146 87.77005
2521.75594 86.23190
2524.41042 82.80365
2527.06490 78.51280
2529.71938 74.11930
2532.37386 69.95951
2535.02834 66.08104
2537.68282 62.48309
2540.33730 59.24243
2542.99178 56.48759
2545.64626 54.35668
2548.30074 53.04470
2550.95522 52.86785
2553.60970 54.17913
2556.26418 57.10210
2558.91866 61.27920
2561.57314 65.89673
2564.22762 70.04048
2566.88210 73.13215
2569.53658 75.09298
2572.19106 76.09562
2574.84554 76.11782
2577.50002 74.69136
2580.15450 71.09282
2582.80898 64.87680
2585.46346 56.38671
2588.11794 46.88556
2590.77242 38.19613
2593.42690 32.03393
2596.08138 29.37014
2598.73586 30.11145
2601.39034 33.20002
2604.04482 37.04124
2606.69930 40.05519
2609.35378 41.14803
2612.00826 39.97633
2614.66274 36.97412
2617.31722 33.18350
2619.97170 29.96427
2622.62618 28.66475
2625.28066 30.32205
2627.93514 35.43056
2630.58962 43.78600
2633.24410 54.40908
2635.89858 65.59048
2638.55306 75.13734
2641.20754 80.86808
2643.86202 81.26537
2646.51650 76.03516
2649.17098 66.27845
2651.82546 54.14539
