0 0.0123254
5 0.0050424
10 -0.0034644
15 -0.0052772
20 7.98e-05
25 0.003603
30 0.0017932
35 -0.0016768
40 -0.0012508
45 0.001976
50 0.0038716
55 0.0013728
60 -0.001794
65 -0.0022386
70 0.0006624
75 0.0023134
80 0.0012828
85 -0.0004894
90 0.000276
95 0.0018958
100 0.0013206
105 -0.0016704
110 -0.0027368
115 -0.0004068
120 0.0029404
125 0.0033298
130 0.0012954
135 -0.000749
140 -0.0008762
145 -0.0001148
150 9.88e-05
155 -0.0005328
160 -0.0005432
165 0.0008126
170 0.0022284
175 0.0016654
180 -0.000187
185 -0.0009116
190 0.0001214
195 0.0008128
200 -0.000146
205 -0.0010078
210 -7.14e-05
215 0.0017596
220 0.0020672
225 0.000139
230 -0.0017074
235 -0.0014062
240 0.0004238
245 0.0014406
250 0.000846
255 0.0002518
260 0.0005544
265 0.0006992
270 -0.000557
275 -0.0018508
280 -0.0010294
285 0.0013178
290 0.0022608
295 0.0006276
300 -0.0012088
305 -0.0005792
310 0.0013606
315 0.0014558
320 -0.0009584
325 -0.0026208
330 -0.001114
335 0.0020486
340 0.0028964
345 0.0005698
350 -0.0019684
355 -0.0015008
360 0.0008752
365 0.0015722
370 -0.0002772
375 -0.0013882
380 -6.28e-05
385 0.0017884
390 0.0012176
395 -0.0010822
400 -0.0020836
405 -0.0005996
410 0.0013814
415 0.0015642
420 0.0001022
425 -0.0009438
430 -0.0003458
435 0.0008764
440 0.0007408
445 -0.0007588
450 -0.00169
455 -0.000692
460 0.001063
465 0.001408
470 0.0002658
475 -0.00059
480 -0.0003196
485 0.0001524
490 -0.0002024
495 -0.0006548
500 -0.0002782
505 0.000691
510 0.0010254
515 0.0002334
520 -0.0008396
525 -0.000933
530 6.24e-05
535 0.0008136
540 0.000384
545 -0.0004796
550 -0.000399
555 0.0005406
560 0.0008622
565 -2.82e-05
570 -0.0008892
575 -0.0006566
580 0.0001256
585 0.0003912
590 0.000147
595 0.000161
600 0.0004278
605 0.0002638
610 -0.0004526
615 -0.0009172
620 -0.0004646
625 0.00049
630 0.0007616
635 0.0001472
640 -0.00052
645 -0.0003476
650 0.0003242
655 0.0004308
660 -0.0002414
665 -0.000695
670 -0.0002072
675 0.000545
680 0.0004986
685 -0.0001878
690 -0.0004326
695 2.88e-05
700 0.0003508
705 1.08e-05
710 -0.0005058
715 -0.0003228
720 0.000413
725 0.000802
730 0.0002392
735 -0.0006508
740 -0.0007832
745 -3.86e-05
750 0.0006168
755 0.0003928
760 -0.0002776
765 -0.0004102
770 6.3e-05
775 0.000454
780 0.0002248
785 -0.000313
790 -0.000465
795 -9.4e-05
800 0.0002446
805 0.0002094
810 -9.66e-05
815 -0.000151
820 8.18e-05
825 0.0001684
830 -9.54e-05
835 -0.000368
840 -0.000181
845 0.0002822
850 0.0003768
855 -4.74e-05
860 -0.0004042
865 -0.0002394
870 0.0001614
875 0.0002552
880 3.2e-06
885 -0.0002
890 -8.26e-05
895 0.0001494
900 0.0001402
905 -7.48e-05
910 -0.000195
915 -5.04e-05
920 0.0001308
925 3.8e-05
930 -0.0001608
935 -0.0001046
940 0.00016
945 0.0002098
950 -9.3e-05
955 -0.0003346
960 -0.000166
965 0.0001584
970 0.0002156
975 -1.32e-05
980 -0.0001784
985 -9.94e-05
990 6.08e-05
995 7.5e-05
1000 -5.36e-05
1005 -0.0001194
1010 -1.12e-05
1015 9.68e-05
1020 4.34e-05
1025 -0.0001174
1030 -0.000132
1035 2.6e-05
1040 0.0001314
1045 2.8e-06
1050 -0.0001818
1055 -0.0001308
1060 0.0001284
1065 0.000234
1070 5.14e-05
1075 -0.000203
1080 -0.000211
1085 -1.34e-05
1090 0.0001508
1095 9.4e-05
1100 -7.32e-05
1105 -0.0001178
1110 2.48e-05
1115 0.0001298
1120 3.78e-05
1125 -0.0001314
1130 -0.0001284
1135 2.98e-05
1140 0.0001208
1145 1.6e-06
1150 -0.000124
1155 -7.86e-05
1160 6.92e-05
1165 9.76e-05
1170 -2.54e-05
1175 -0.0001404
1180 -7.76e-05
1185 8.28e-05
1190 0.0001316
1195 2.6e-06
1200 -0.0001326
1205 -0.0001002
1210 2.74e-05
1215 7e-05
1220 -1.42e-05
1225 -6.42e-05
1230 1e-06
1235 7.44e-05
1240 3.34e-05
1245 -6.38e-05
1250 -8.06e-05
1255 -2e-06
1260 5.14e-05
1265 1.2e-05
1270 -5.76e-05
1275 -5.04e-05
1280 2.58e-05
1285 6.04e-05
1290 6.4e-06
1295 -6.78e-05
1300 -5.88e-05
1305 7.2e-06
1310 4.08e-05
1315 6.2e-06
1320 -3.26e-05
1325 -1.36e-05
1330 1.56e-05
1335 3.6e-06
1340 -3.6e-05
1345 -3.46e-05
1350 1.22e-05
1355 3.6e-05
1360 9e-06
1365 -3.82e-05
1370 -4.32e-05
1375 -1.35525e-21
1380 3.34e-05
1385 9.4e-06
1390 -4.28e-05
1395 -4.6e-05
1400 9.2e-06
1405 5.42e-05
1410 2.9e-05
1415 -2.98e-05
1420 -4.86e-05
1425 -1.28e-05
1430 1.72e-05
1435 3.6e-06
1440 -2.64e-05
1445 -1.6e-05
1450 1.7e-05
1455 3e-05
1460 -3.2e-06
1465 -3.66e-05
1470 -2.76e-05
1475 1.4e-05
1480 3.14e-05
1485 -8e-07
1490 -3.66e-05
1495 -2.64e-05
1500 1.48e-05
1505 2.96e-05
1510 -4e-06
1515 -3.56e-05
1520 -2.36e-05
1525 1.42e-05
1530 2.78e-05
1535 2.2e-06
1540 -2.24e-05
1545 -1.98e-05
1550 1.6e-06
1555 7.8e-06
1560 -6e-06
1565 -1.16e-05
1570 -4e-07
1575 1.2e-05
1580 6.2e-06
1585 -1.24e-05
1590 -1.9e-05
1595 -4.6e-06
1600 1.1e-05
1605 4.4e-06
1610 -1.12e-05
1615 -1.6e-05
1620 -2.4e-06
1625 9e-06
1630 4.4e-06
1635 -8.2e-06
1640 -1.16e-05
1645 -5.4e-06
1650 3.6e-06
1655 3.2e-06
1660 -2.6e-06
1665 -5.2e-06
1670 -2.4e-06
1675 -3.38813e-22
1680 -3.4e-06
1685 -6.6e-06
1690 -3e-06
1695 4.6e-06
1700 5e-06
1705 -2.4e-06
1710 -8.6e-06
1715 -5.2e-06
1720 1.6e-06
1725 3.6e-06
1730 -3.2e-06
1735 -7.2e-06
1740 -2.4e-06
1745 4e-06
1750 4.4e-06
1755 -2.2e-06
1760 -6e-06
1765 -2.8e-06
1770 1.4e-06
1775 1e-06
1780 -3.8e-06
1785 -3.8e-06
1790 1.4e-06
1795 4.2e-06
1800 -2e-07
1805 -6.2e-06
1810 -4.4e-06
1815 2.4e-06
1820 5.4e-06
1825 6e-07
1830 -4.6e-06
1835 -4.4e-06
1840 1e-06
1845 3e-06
1850 -6e-07
1855 -4e-06
1860 -3e-06
1865 1.8e-06
1870 3.6e-06
1875 6e-07
1880 -3.2e-06
1885 -2.2e-06
1890 8e-07
1895 1.2e-06
1900 -1e-06
1905 -2.6e-06
1910 -8e-07
1915 1.6e-06
1920 1.4e-06
1925 -1.2e-06
1930 -2.6e-06
1935 -1.2e-06
1940 1.4e-06
1945 1.4e-06
1950 -4e-07
1955 -1.8e-06
1960 -8e-07
1965 2e-07
1970 4e-07
1975 -1.4e-06
1980 -1.2e-06
1985 -2e-07
1990 8e-07
1995 2e-07
2000 -6e-07
2005 -6e-07
2010 4e-07
2015 4e-07
2020 -1.2e-06
2025 -1.6e-06
2030 -6e-07
2035 8e-07
2040 8e-07
2045 -6e-07
2050 -1.2e-06
2055 -4e-07
2060 8e-07
2065 6e-07
2070 -2e-07
2075 -8e-07
2080 -2e-07
2085 4e-07
2090 4e-07
2095 -6e-07
2100 -1e-06
2105 -6e-07
2110 4e-07
2115 2e-07
2120 -6e-07
2125 -8e-07
2130 4e-07
2135 4e-07
2140 0
2145 -1e-06
2150 -1e-06
2155 2e-07
2160 8e-07
2165 2e-07
2170 -6e-07
2175 -6e-07
2180 4e-07
2185 2e-07
2190 -2e-07
2195 -6e-07
2200 -6e-07
2205 0
2210 4e-07
2215 -2e-07
2220 -2e-07
2225 -4e-07
2230 -2e-07
2235 2e-07
2240 0
2245 -6e-07
2250 -2e-07
2255 0
2260 0
2265 -2e-07
2270 -4e-07
2275 -2e-07
2280 0
2285 2e-07
2290 0
2295 -2e-07
2300 0
2305 0
2310 0
2315 0
2320 -2e-07
2325 0
2330 0
2335 0
2340 0
2345 -2e-07
2350 0
2355 0
2360 0
2365 0
2370 0
2375 0
2380 0
2385 0
2390 0
2395 0
2400 0
2405 0
2410 0
2415 0
2420 0
2425 0
2430 0
2435 0
2440 0
2445 0
2450 0
2455 0
2460 0
2465 0
2470 0
2475 0
2480 0
2485 0
2490 0
2495 0
2500 0
2505 0
2510 0
2515 0
2520 0
2525 0
2530 0
2535 0
2540 0
2545 0
2550 0
2555 0
2560 0
2565 0
2570 0
2575 0
2580 0
2585 0
2590 0
2595 0
2600 0
2605 0
2610 0
2615 0
2620 0
2625 0
2630 0
2635 0
2640 0
2645 0
2650 0
2655 0
2660 0
2665 0
2670 0
2675 0
2680 0
2685 0
2690 0
2695 0
2700 0
2705 0
2710 0
2715 0
2720 0
2725 0
2730 0
2735 0
2740 0
2745 0
2750 0
2755 0
2760 0
2765 0
2770 0
2775 0
2780 0
2785 0
2790 0
2795 0
2800 0
2805 0
2810 0
2815 0
2820 0
2825 0
2830 0
2835 0
2840 0
2845 0
2850 0
2855 0
2860 0
2865 0
2870 0
2875 0
2880 0
2885 0
2890 0
2895 0
2900 0
2905 0
2910 0
2915 0
2920 0
2925 0
2930 0
2935 0
2940 0
2945 0
2950 0
2955 0
2960 0
2965 0
2970 0
2975 0
2980 0
2985 0
2990 0
2995 0
3000 0
3005 0
3010 0
3015 0
3020 0
3025 0
3030 0
3035 0
3040 0
3045 0
3050 0
3055 0
3060 0
3065 0
3070 0
3075 0
3080 0
3085 0
3090 0
3095 0
3100 0
3105 0
3110 0
3115 0
3120 0
3125 0
3130 0
3135 0
3140 0
3145 0
3150 0
3155 0
3160 0
3165 0
3170 0
3175 0
3180 0
3185 0
3190 0
3195 0
3200 0
3205 0
3210 0
3215 0
3220 0
3225 0
3230 0
3235 0
3240 0
3245 0
3250 0
3255 0
3260 0
3265 0
3270 0
3275 0
3280 0
3285 0
3290 0
3295 0
3300 0
3305 0
3310 0
3315 0
3320 0
3325 0
3330 0
3335 0
3340 0
3345 0
3350 0
3355 0
3360 0
3365 0
3370 0
3375 0
3380 0
3385 0
3390 0
3395 0
3400 0
3405 0
3410 0
3415 0
3420 0
3425 0
3430 0
3435 0
3440 0
3445 0
3450 0
3455 0
3460 0
3465 0
3470 0
3475 0
3480 0
3485 0
3490 0
3495 0
3500 0
3505 0
3510 0
3515 0
3520 0
3525 0
3530 0
3535 0
3540 0
3545 0
3550 0
3555 0
3560 0
3565 0
3570 0
3575 0
3580 0
3585 0
3590 0
3595 0
3600 0
3605 0
3610 0
3615 0
3620 0
3625 0
3630 0
3635 0
3640 0
3645 0
3650 0
3655 0
3660 0
3665 0
3670 0
3675 0
3680 0
3685 0
3690 0
3695 0
3700 0
3705 0
3710 0
3715 0
3720 0
3725 0
3730 0
3735 0
3740 0
3745 0
3750 0
3755 0
3760 0
3765 0
3770 0
3775 0
3780 0
3785 0
3790 0
3795 0
3800 0
3805 0
3810 0
3815 0
3820 0
3825 0
3830 0
3835 0
3840 0
3845 0
3850 0
3855 0
3860 0
3865 0
3870 0
3875 0
3880 0
3885 0
3890 0
3895 0
3900 0
3905 0
3910 0
3915 0
3920 0
3925 0
3930 0
3935 0
3940 0
3945 0
3950 0
3955 0
3960 0
3965 0
3970 0
3975 0
3980 0
3985 0
3990 0
3995 0
