1  5.13  	5.23
6  5.07  	5.19
11  5.14  	5.02
16  5.15  	5.09
21  5.21  	5.18
26  5.20  	5.21
31  5.23  	5.19
36  5.16  	5.05
41  5.24  	5.01
46  5.28  	4.99
51  5.27  	5.08
56  5.10  	5.22
61  5.28  	5.19
66  5.24  	5.11
71  5.14  	5.03
76  4.92  	5.03
81  5.12  	5.20
86  5.24  	5.28
91  5.13  	5.24
96  4.98  	5.10
101  5.18  	5.02
106  5.26  	5.09
111  5.31  	5.12
116  5.21  	5.10
121  5.10  	5.16
126  4.99  	5.21
131  5.01  	5.16
136  5.10  	5.01
141  5.13  	4.96
146  5.12  	5.05
151  4.99  	5.19
156  4.92  	5.07
161  5.05  	4.87
166  5.18  	4.86
171  5.25  	5.01
176  5.01  	5.27
181  4.80  	5.19
186  4.85  	5.05
191  5.01  	4.93
196  5.20  	5.00
201  5.15  	5.12
206  5.06  	5.28
211  5.00  	5.30
216  5.27  	5.13
221  5.30  	5.05
226  5.24  	4.97
231  4.98  	5.06
236  4.91  	5.13
241  4.90  	5.17
246  5.32  	5.11
251  5.39  	5.18
256  5.17  	5.22
261  4.79  	5.07
266  4.84  	5.05
271  5.14  	4.97
276  5.36  	5.05
281  5.37  	5.10
286  5.31  	5.21
291  5.10  	5.19
296  5.06  	5.16
301  5.17  	5.04
306  5.23  	5.11
311  5.01  	5.13
316  4.95  	5.15
321  4.99  	5.05
326  5.30  	5.02
331  5.37  	5.11
336  5.23  	5.33
341  5.14  	5.18
346  4.98  	5.06
351  4.81  	5.05
356  5.15  	4.95
361  5.24  	5.18
366  5.25  	5.19
371  5.10  	5.14
376  5.10  	5.24
381  5.12  	5.27
386  5.27  	5.17
391  5.28  	5.12
396  5.25  	4.98
401  5.28  	4.97
406  5.09  	5.26
411  5.16  	5.29
416  5.03  	5.28
421  4.98  	5.23
426  5.35  	4.96
431  5.32  	5.05
436  5.05  	5.20
441  4.90  	5.10
446  5.15  	4.84
451  5.35  	4.92
456  5.05  	5.32
461  4.95  	5.35
466  4.96  	5.23
471  5.25  	4.95
476  5.26  	4.89
481  5.20  	5.02
486  5.00  	5.14
491  4.88  	5.08
496  5.08  	5.05
501  5.41  	5.12
506  5.51  	5.23
511  5.30  	5.12
516  4.91  	5.11
521  4.87  	5.02
526  5.04  	4.92
531  5.18  	5.10
536  5.30  	5.21
541  5.11  	5.29
546  5.27  	4.98
551  5.12  	5.21
556  5.20  	5.16
561  5.20  	5.08
566  5.16  	4.94
571  4.89  	5.20
576  4.98  	5.23
581  5.08  	5.22
586  5.01  	5.17
591  5.00  	5.12
596  5.21  	5.02
601  5.18  	5.01
606  5.06  	5.15
611  5.10  	5.04
616  5.22  	4.99
621  5.25  	5.01
626  5.03  	5.22
631  4.96  	5.24
636  5.04  	5.21
641  5.18  	5.12
646  5.12  	5.02
651  4.91  	5.10
656  4.95  	5.20
661  5.30  	5.06
666  5.33  	5.07
671  5.20  	5.14
676  5.12  	5.15
681  5.11  	5.16
686  5.03  	5.21
691  4.96  	5.23
696  5.04  	5.20
701  5.09  	5.11
706  5.07  	5.04
711  5.04  	5.19
716  5.00  	5.28
721  5.32  	5.12
726  5.19  	5.02
731  5.09  	5.00
736  4.99  	5.04
741  5.08  	5.15
746  5.07  	5.20
751  5.02  	5.21
756  4.97  	5.16
761  5.04  	5.20
766  5.28  	5.11
771  5.31  	5.19
776  5.16  	5.08
781  5.04  	4.98
786  5.07  	4.95
791  5.21  	5.11
796  5.08  	5.23
801  5.08  	5.23
806  5.12  	5.10
811  5.07  	5.04
816  4.84  	4.98
821  4.93  	5.08
826  5.14  	5.21
831  5.31  	5.13
836  5.10  	4.99
841  5.00  	5.14
846  5.14  	5.19
851  5.35  	5.26
856  5.12  	5.14
861  4.83  	5.18
866  4.85  	5.20
871  5.22  	5.20
876  5.31  	5.18
881  5.19  	5.06
886  4.95  	5.14
891  5.00  	5.24
896  5.16  	5.26
901  5.25  	5.17
906  5.14  	4.94
911  5.11  	4.94
916  4.89  	5.20
921  5.01  	5.34
926  5.18  	5.29
931  5.24  	5.11
936  5.10  	5.02
941  4.94  	5.12
946  5.10  	5.22
951  5.37  	5.11
956  5.20  	4.95
961  4.97  	5.02
966  5.13  	5.25
971  5.36  	5.44
976  5.20  	5.36
981  5.14  	4.94
986  5.08  	4.91
991  5.18  	5.12
996  5.19  	5.30
1001  5.22  	5.12
1006  5.24  	4.93
1011  5.24  	5.01
1016  5.32  	5.24
1021  5.27  	5.32
1026  5.01  	5.11
1031  4.88  	5.04
1036  5.10  	4.90
1041  5.36  	5.24
1046  5.58  	5.43
1051  5.22  	5.30
1056  4.85  	5.14
1061  4.89  	5.11
1066  5.29  	5.10
1071  5.34  	5.12
1076  5.07  	5.05
1081  4.91  	5.07
1086  5.27  	5.01
1091  5.47  	5.23
1096  5.33  	5.16
1101  4.95  	5.10
1106  5.09  	4.98
1111  5.21  	5.02
1116  5.24  	5.16
1121  5.13  	5.26
1126  5.37  	5.07
1131  5.39  	5.07
1136  5.38  	5.21
1141  5.15  	5.19
1146  5.04  	5.16
1151  5.17  	5.02
1156  5.22  	5.14
1161  5.30  	5.24
1166  5.24  	5.29
1171  5.27  	5.11
1176  5.29  	5.05
1181  5.25  	5.08
1186  5.39  	5.18
1191  5.37  	5.08
1196  5.18  	4.99
1201  4.96  	5.14
1206  5.12  	5.24
1211  5.45  	5.33
1216  5.37  	5.28
1221  5.11  	5.16
1226  4.97  	5.13
1231  5.14  	5.10
1236  5.41  	5.19
1241  5.32  	5.14
1246  5.19  	5.02
1251  5.25  	5.04
1256  5.32  	5.20
1261  5.21  	5.14
1266  5.17  	5.06
1271  5.32  	5.10
1276  5.46  	5.21
1281  5.35  	5.22
1286  4.91  	5.12
1291  4.86  	4.93
1296  5.16  	4.97
1301  5.51  	5.25
1306  5.30  	5.39
1311  4.96  	5.22
1316  5.12  	4.93
1321  5.29  	4.93
1326  5.30  	5.15
1331  5.07  	5.32
1336  4.95  	5.14
1341  5.12  	4.97
1346  5.19  	5.05
1351  5.40  	5.32
1356  5.44  	5.33
1361  5.15  	5.07
1366  5.06  	4.75
1371  4.87  	5.07
1376  5.25  	5.30
1381  5.46  	5.38
1386  5.18  	5.08
1391  5.12  	4.89
1396  5.21  	5.05
1401  5.46  	5.31
1406  5.44  	5.27
1411  5.06  	5.02
1416  4.99  	4.85
1421  5.22  	4.95
1426  5.48  	5.22
1431  5.24  	5.32
1436  5.04  	5.18
1441  5.05  	5.12
1446  5.28  	5.10
1451  5.30  	5.12
1456  5.20  	5.04
1461  5.08  	4.93
1466  5.21  	4.89
1471  5.37  	4.94
1476  5.31  	5.11
1481  4.97  	5.15
1486  4.89  	5.13
1491  5.17  	5.08
1496  5.43  	5.23
1501  5.26  	5.18
1506  4.99  	5.17
1511  5.13  	4.97
1516  5.26  	5.11
1521  5.32  	5.20
1526  5.30  	5.22
1531  5.24  	5.05
1536  5.27  	5.06
1541  5.03  	5.14
1546  5.18  	5.26
1551  5.21  	5.13
1556  5.15  	5.07
1561  5.03  	5.19
1566  5.11  	5.35
1571  5.39  	5.26
1576  5.32  	5.06
1581  5.15  	4.93
1586  5.07  	4.91
1591  5.05  	5.16
1596  5.26  	5.31
1601  5.20  	5.26
1606  5.00  	5.17
1611  5.16  	5.05
1616  5.21  	5.15
1621  5.12  	5.18
1626  4.91  	5.09
1631  5.20  	4.86
1636  5.31  	5.14
1641  5.33  	5.22
1646  5.23  	5.11
1651  5.18  	5.07
1656  5.10  	5.25
1661  5.33  	5.23
1666  5.30  	5.28
1671  5.17  	4.98
1676  5.06  	4.75
1681  5.14  	4.86
1686  5.17  	5.40
1691  5.35  	5.49
1696  5.04  	5.18
1701  5.00  	4.88
1706  5.13  	5.02
1711  5.22  	5.26
1716  5.23  	5.37
1721  5.14  	4.97
1726  5.12  	4.91
1731  5.16  	5.02
1736  5.23  	5.33
1741  5.25  	5.30
1746  5.19  	5.13
1751  5.20  	4.93
1756  5.19  	4.95
1761  5.10  	5.18
1766  5.09  	5.11
1771  5.13  	4.98
1776  5.22  	4.97
1781  5.37  	5.18
1786  5.36  	5.19
1791  5.02  	5.14
1796  5.14  	5.03
1801  5.22  	5.13
1806  5.17  	5.13
1811  5.10  	5.19
1816  5.04  	5.19
1821  5.22  	5.09
1826  5.07  	5.14
1831  5.11  	5.14
1836  5.11  	5.09
1841  5.13  	5.00
1846  5.24  	5.04
1851  5.28  	5.09
1856  5.20  	5.11
1861  5.05  	5.14
1866  5.01  	5.10
1871  5.19  	4.98
1876  5.27  	4.98
1881  5.12  	5.17
1886  4.89  	5.19
1891  4.95  	5.15
1896  5.28  	4.93
1901  5.34  	5.06
1906  5.03  	5.21
1911  4.91  	5.26
1916  5.25  	5.02
1921  5.36  	5.04
1926  5.12  	4.99
1931  4.95  	5.08
1936  5.11  	5.20
1941  5.41  	5.32
1946  5.29  	5.20
1951  5.07  	4.97
1956  5.07  	4.88
1961  5.28  	5.08
1966  5.07  	5.29
1971  4.95  	5.23
1976  5.20  	4.96
1981  5.22  	5.02
1986  5.03  	5.09
1991  4.97  	5.23
1996  5.10  	5.28
