0 0.0128636
5 0.0049076
10 -0.0042156
15 -0.005818
20 0.000218
25 0.0037814
30 0.0015192
35 -0.0023216
40 -0.0015294
45 0.0021994
50 0.0041326
55 0.0012398
60 -0.0023426
65 -0.002745
70 0.0007166
75 0.0025856
80 0.0010056
85 -0.00152
90 -0.000462
95 0.0022802
100 0.0022106
105 -0.001642
110 -0.0035934
115 -0.0009258
120 0.0032326
125 0.003515
130 0.0006622
135 -0.0017626
140 -0.0012322
145 0.0003062
150 0.0004728
155 -0.0007798
160 -0.0007848
165 0.0011046
170 0.0028006
175 0.001594
180 -0.0011684
185 -0.0020704
190 -0.0002482
195 0.001206
200 0.0001536
205 -0.001278
210 -0.0005074
215 0.0018926
220 0.0025324
225 0.0002456
230 -0.0019544
235 -0.0018022
240 6.58e-05
245 0.0011384
250 0.0007332
255 0.0001942
260 0.000349
265 0.000296
270 -0.0007732
275 -0.001528
280 -0.000576
285 0.001343
290 0.0018626
295 0.0003506
300 -0.001159
305 -0.0004884
310 0.001083
315 0.0009212
320 -0.001247
325 -0.002435
330 -0.000712
335 0.0022358
340 0.0027972
345 0.0004688
350 -0.0018124
355 -0.0012714
360 0.0006288
365 0.00079
370 -0.0008822
375 -0.0013314
380 0.0005628
385 0.002248
390 0.0011978
395 -0.001338
400 -0.0021354
405 -0.0003572
410 0.0015402
415 0.0012588
420 -0.0005342
425 -0.0012688
430 -6.58e-05
435 0.0013212
440 0.0008204
445 -0.0009752
450 -0.0016458
455 -0.0001112
460 0.001621
465 0.001269
470 -0.0003836
475 -0.000805
480 0.0001494
485 0.000553
490 -0.0004864
495 -0.0012346
500 -0.0002224
505 0.0015288
510 0.0017976
515 0.0001366
520 -0.001478
525 -0.0011868
530 0.0004758
535 0.0012312
540 0.000127
545 -0.001143
550 -0.0006432
555 0.0009984
560 0.001404
565 5.12e-05
570 -0.0011088
575 -0.000627
580 0.000518
585 0.000656
590 -6.64e-05
595 -0.0003064
600 0.0001846
605 0.0004638
610 -1.12e-05
615 -0.0006552
620 -0.000551
625 0.0002792
630 0.0008944
635 0.0006082
640 -0.0002118
645 -0.0006192
650 -0.0001606
655 0.0003162
660 0.0001014
665 -0.000386
670 -0.0002668
675 0.0004138
680 0.00067
685 0.0001606
690 -0.000354
695 -0.000218
700 0.0001772
705 0.0001068
710 -0.0003226
715 -0.0003958
720 0.0001324
725 0.0006712
730 0.0004744
735 -0.0002738
740 -0.0006982
745 -0.0002788
750 0.0004056
755 0.000526
760 2.42e-05
765 -0.0003744
770 -0.0002084
775 0.000166
780 0.0001514
785 -0.0001892
790 -0.0002752
795 3.64e-05
800 0.0003362
805 0.0002058
810 -0.000103
815 -0.000161
820 -1.04e-05
825 1.08e-05
830 -0.0002248
835 -0.0003336
840 -2.28e-05
845 0.0004038
850 0.0004116
855 -4.46e-05
860 -0.0003676
865 -0.0002488
870 4.76e-05
875 9.2e-05
880 -9.1e-05
885 -0.0001566
890 3.64e-05
895 0.000214
900 9e-05
905 -0.000177
910 -0.0002452
915 -1.76e-05
920 0.0001744
925 7.36e-05
930 -0.0001816
935 -0.0001968
940 4.22e-05
945 0.0001724
950 -9.4e-06
955 -0.0002182
960 -0.0001874
965 8.9e-05
970 0.00024
975 0.0001174
980 -0.0001246
985 -0.0001978
990 -9e-05
995 -2e-07
1000 -3.16e-05
1005 -5.62e-05
1010 3.2e-05
1015 0.0001412
1020 0.0001024
1025 -0.0001216
1030 -0.0002114
1035 -3.9e-05
1040 0.000169
1045 0.0001008
1050 -0.0001326
1055 -0.0001846
1060 2.54e-05
1065 0.000206
1070 0.0001188
1075 -0.0001218
1080 -0.0002068
1085 -5.9e-05
1090 0.0001216
1095 0.000122
1100 -1.8e-05
1105 -9.54e-05
1110 -4.4e-05
1115 4.56e-05
1120 2.28e-05
1125 -7.28e-05
1130 -6.58e-05
1135 6.86e-05
1140 0.0001406
1145 2.88e-05
1150 -0.0001322
1155 -0.0001288
1160 1.26e-05
1165 9.1e-05
1170 1.44e-05
1175 -8.44e-05
1180 -6.04e-05
1185 5.38e-05
1190 0.000102
1195 3.32e-05
1200 -7.62e-05
1205 -8.82e-05
1210 -1.78e-05
1215 4.16e-05
1220 1.84e-05
1225 -2.3e-05
1230 -1.52e-05
1235 2.8e-05
1240 8.8e-06
1245 -6.18e-05
1250 -7.82e-05
1255 2.8e-06
1260 8.4e-05
1265 6.1e-05
1270 -2.88e-05
1275 -8.12e-05
1280 -4.58e-05
1285 1.68e-05
1290 2.48e-05
1295 -1.68e-05
1300 -5.38e-05
1305 -2.54e-05
1310 2.64e-05
1315 4.44e-05
1320 3.8e-06
1325 -4.54e-05
1330 -4.48e-05
1335 -1.38e-05
1340 6e-07
1345 -7.2e-06
1350 -4e-06
1355 1.42e-05
1360 1.54e-05
1365 -1.24e-05
1370 -4.28e-05
1375 -3.22e-05
1380 3.6e-06
1385 2.02e-05
1390 1e-06
1395 -1.58e-05
1400 -1.04e-05
1405 -4.6e-06
1410 2.4e-06
1415 -2.8e-06
1420 -5.8e-06
1425 -4.8e-06
1430 -4.8e-06
1435 -1.54e-05
1440 -1.38e-05
1445 -2.6e-06
1450 7e-06
1455 -2.6e-06
1460 -2.32e-05
1465 -2.9e-05
1470 -7e-06
1475 2.2e-05
1480 2.72e-05
1485 -2e-06
1490 -3.08e-05
1495 -3.38e-05
1500 -7.4e-06
1505 8.4e-06
1510 1.8e-06
1515 -1.14e-05
1520 -4e-06
1525 4e-06
1530 2.4e-06
1535 -1.04e-05
1540 -1.3e-05
1545 -6.6e-06
1550 8.47033e-23
1555 -3.4e-06
1560 -1.06e-05
1565 -1e-05
1570 3.6e-06
1575 1.14e-05
1580 1.8e-06
1585 -1.94e-05
1590 -2.46e-05
1595 -6.2e-06
1600 1.62e-05
1605 1.28e-05
1610 -7.2e-06
1615 -1.68e-05
1620 -7.4e-06
1625 2e-07
1630 -1.6e-06
1635 -8.2e-06
1640 -4.4e-06
1645 2.6e-06
1650 5.2e-06
1655 -1e-06
1660 -8.6e-06
1665 -1.1e-05
1670 -2.8e-06
1675 2.4e-06
1680 -2.2e-06
1685 -1.06e-05
1690 -5.8e-06
1695 7.2e-06
1700 1.24e-05
1705 1e-06
1710 -1.42e-05
1715 -1.62e-05
1720 -3.6e-06
1725 5.6e-06
1730 4.4e-06
1735 -2.6e-06
1740 -4.6e-06
1745 -3.4e-06
1750 -6e-07
1755 -1.4e-06
1760 -2.6e-06
1765 -3.4e-06
1770 1.69407e-22
1775 6e-07
1780 -2.2e-06
1785 -6e-06
1790 -3.4e-06
1795 1.2e-06
1800 8e-07
1805 -3.8e-06
1810 -5e-06
1815 2e-07
1820 4.4e-06
1825 2.2e-06
1830 -2.6e-06
1835 -6.2e-06
1840 -4.8e-06
1845 -1.8e-06
1850 8e-07
1855 1e-06
1860 2e-07
1865 -4e-07
1870 0
1875 -1e-06
1880 -2.6e-06
1885 -3e-06
1890 -6e-07
1895 1e-06
1900 2e-07
1905 -1.4e-06
1910 -1.4e-06
1915 8e-07
1920 1.6e-06
1925 0
1930 -2e-06
1935 -2.4e-06
1940 -1e-06
1945 2e-07
1950 4e-07
1955 2e-07
1960 -6e-07
1965 -1.2e-06
1970 -1e-06
1975 -6e-07
1980 4e-07
1985 8e-07
1990 8.47033e-23
1995 -8e-07
2000 -2.2e-06
2005 -1.4e-06
2010 4e-07
2015 1e-06
2020 -2e-07
2025 -1.2e-06
2030 -1.4e-06
2035 4e-07
2040 1.4e-06
2045 6e-07
2050 -1.2e-06
2055 -1.4e-06
2060 -8e-07
2065 2e-07
2070 2e-07
2075 -8.47033e-23
2080 -2e-07
2085 2e-07
2090 2e-07
2095 -2e-07
2100 -1e-06
2105 -6e-07
2110 2e-07
2115 4e-07
2120 -4e-07
2125 -1e-06
2130 -6e-07
2135 2e-07
2140 6e-07
2145 -4e-07
2150 -8e-07
2155 -6e-07
2160 2e-07
2165 4e-07
2170 -2e-07
2175 -6e-07
2180 -4e-07
2185 0
2190 0
2195 -2e-07
2200 -2e-07
2205 2e-07
2210 4e-07
2215 0
2220 -2e-07
2225 -6e-07
2230 -2e-07
2235 2e-07
2240 4e-07
2245 -2e-07
2250 -2e-07
2255 -4e-07
2260 4e-07
2265 2e-07
2270 -2e-07
2275 -2e-07
2280 -2e-07
2285 0
2290 0
2295 0
2300 0
2305 2e-07
2310 0
2315 0
2320 -2e-07
2325 0
2330 2e-07
2335 0
2340 0
2345 0
2350 0
2355 0
2360 0
2365 2e-07
2370 0
2375 0
2380 0
2385 0
2390 0
2395 0
2400 0
2405 0
2410 0
2415 -2e-07
2420 0
2425 0
2430 0
2435 0
2440 0
2445 0
2450 0
2455 0
2460 0
2465 0
2470 0
2475 0
2480 0
2485 0
2490 0
2495 0
2500 0
2505 0
2510 0
2515 0
2520 0
2525 0
2530 0
2535 0
2540 0
2545 0
2550 0
2555 0
2560 0
2565 0
2570 0
2575 0
2580 0
2585 0
2590 0
2595 0
2600 0
2605 0
2610 0
2615 0
2620 0
2625 0
2630 0
2635 0
2640 0
2645 0
2650 0
2655 0
2660 0
2665 0
2670 0
2675 0
2680 0
2685 0
2690 0
2695 0
2700 0
2705 0
2710 0
2715 0
2720 0
2725 0
2730 0
2735 0
2740 0
2745 0
2750 0
2755 0
2760 0
2765 0
2770 0
2775 0
2780 0
2785 0
2790 0
2795 0
2800 0
2805 0
2810 0
2815 0
2820 0
2825 0
2830 0
2835 0
2840 0
2845 0
2850 0
2855 0
2860 0
2865 0
2870 0
2875 0
2880 0
2885 0
2890 0
2895 0
2900 0
2905 0
2910 0
2915 0
2920 0
2925 0
2930 0
2935 0
2940 0
2945 0
2950 0
2955 0
2960 0
2965 0
2970 0
2975 0
2980 0
2985 0
2990 0
2995 0
3000 0
3005 0
3010 0
3015 0
3020 0
3025 0
3030 0
3035 0
3040 0
3045 0
3050 0
3055 0
3060 0
3065 0
3070 0
3075 0
3080 0
3085 0
3090 0
3095 0
3100 0
3105 0
3110 0
3115 0
3120 0
3125 0
3130 0
3135 0
3140 0
3145 0
3150 0
3155 0
3160 0
3165 0
3170 0
3175 0
3180 0
3185 0
3190 0
3195 0
3200 0
3205 0
3210 0
3215 0
3220 0
3225 0
3230 0
3235 0
3240 0
3245 0
3250 0
3255 0
3260 0
3265 0
3270 0
3275 0
3280 0
3285 0
3290 0
3295 0
3300 0
3305 0
3310 0
3315 0
3320 0
3325 0
3330 0
3335 0
3340 0
3345 0
3350 0
3355 0
3360 0
3365 0
3370 0
3375 0
3380 0
3385 0
3390 0
3395 0
3400 0
3405 0
3410 0
3415 0
3420 0
3425 0
3430 0
3435 0
3440 0
3445 0
3450 0
3455 0
3460 0
3465 0
3470 0
3475 0
3480 0
3485 0
3490 0
3495 0
3500 0
3505 0
3510 0
3515 0
3520 0
3525 0
3530 0
3535 0
3540 0
3545 0
3550 0
3555 0
3560 0
3565 0
3570 0
3575 0
3580 0
3585 0
3590 0
3595 0
3600 0
3605 0
3610 0
3615 0
3620 0
3625 0
3630 0
3635 0
3640 0
3645 0
3650 0
3655 0
3660 0
3665 0
3670 0
3675 0
3680 0
3685 0
3690 0
3695 0
3700 0
3705 0
3710 0
3715 0
3720 0
3725 0
3730 0
3735 0
3740 0
3745 0
3750 0
3755 0
3760 0
3765 0
3770 0
3775 0
3780 0
3785 0
3790 0
3795 0
3800 0
3805 0
3810 0
3815 0
3820 0
3825 0
3830 0
3835 0
3840 0
3845 0
3850 0
3855 0
3860 0
3865 0
3870 0
3875 0
3880 0
3885 0
3890 0
3895 0
3900 0
3905 0
3910 0
3915 0
3920 0
3925 0
3930 0
3935 0
3940 0
3945 0
3950 0
3955 0
3960 0
3965 0
3970 0
3975 0
3980 0
3985 0
3990 0
3995 0
