0.00000 0.00000
2.65448 3.74539
5.30896 7.69324
7.96344 11.80813
10.61792 15.75522
13.27240 19.05746
15.92688 21.35467
18.58136 22.58568
21.23584 22.98813
23.89032 22.94824
26.54480 22.82422
29.19928 22.85369
31.85376 23.17011
34.50824 23.87227
37.16272 25.07106
39.81720 26.87440
42.47168 29.32336
45.12616 32.32224
47.78064 35.60493
50.43512 38.76001
53.08960 41.31261
55.74408 42.83844
58.39856 43.07173
61.05304 41.97069
63.70752 39.72345
66.36200 36.70275
69.01648 33.39131
71.67096 30.29541
74.32544 27.85271
76.97992 26.34117
79.63440 25.81184
82.28888 26.07959
84.94336 26.79140
87.59784 27.55211
90.25232 28.05243
92.90680 28.14439
95.56128 27.84676
98.21576 27.30407
100.87024 26.73471
103.52472 26.38262
106.17920 26.46391
108.83368 27.10313
111.48816 28.27948
114.14264 29.81959
116.79712 31.45522
119.45160 32.92308
122.10608 34.05555
124.76056 34.81867
127.41504 35.28897
130.06952 35.59233
132.72400 35.83796
135.37848 36.07303
138.03296 36.27218
140.68744 36.36640
143.34192 36.29932
145.99640 36.08064
148.65088 35.80114
151.30536 35.59518
153.95984 35.57422
156.61432 35.77837
159.26880 36.17905
161.92328 36.72707
164.57776 37.40925
167.23224 38.27734
169.88672 39.43887
172.54120 41.02299
175.19568 43.13895
177.85016 45.83640
180.50464 49.07017
183.15912 52.67651
185.81360 56.37490
188.46808 59.80921
191.12256 62.62961
193.77704 64.59548
196.43152 65.65825
199.08600 65.97705
201.74048 65.84252
204.39496 65.53502
207.04944 65.19190
209.70392 64.76284
212.35840 64.07785
215.01288 62.97534
217.66736 61.40207
220.32184 59.43247
222.97632 57.22537
225.63080 54.97280
228.28527 52.86992
230.93975 51.08774
233.59423 49.72407
236.24871 48.75182
238.90319 48.02111
241.55767 47.34473
244.21215 46.62047
246.86663 45.89731
249.52111 45.33122
252.17559 45.07017
254.83007 45.16556
257.48455 45.57382
260.13903 46.22535
262.79351 47.08564
265.44799 48.15906
268.10247 49.45099
270.75695 50.93619
273.41143 52.55734
276.06591 54.23640
278.72039 55.87356
281.37487 57.33575
284.02935 58.46091
286.68383 59.09399
289.33831 59.13993
291.99279 58.60133
294.64727 57.58051
297.30175 56.24833
299.95623 54.79449
302.61071 53.37507
305.26519 52.07376
307.91967 50.89654
310.57415 49.81110
313.22863 48.81604
315.88311 47.99803
318.53759 47.53557
321.19207 47.64043
323.84655 48.46891
326.50103 50.05264
329.15551 52.28399
331.80999 54.95905
334.46447 57.85266
337.11895 60.78503
339.77343 63.64254
342.42791 66.33964
345.08239 68.74801
347.73687 70.65022
350.39135 71.76754
353.04583 71.86117
355.70031 70.84999
358.35479 68.87308
361.00927 66.26543
363.66375 63.47135
366.31823 60.94462
368.97271 59.06543
371.62719 58.07611
374.28167 58.03433
376.93615 58.80037
379.59063 60.08083
382.24511 61.52704
384.89959 62.85186
387.55407 63.91678
390.20855 64.75972
392.86303 65.56284
395.51751 66.57720
398.17199 68.02887
400.82647 70.03782
403.48095 72.58150
406.13543 75.51404
408.78991 78.61453
411.44439 81.61915
414.09887 84.22021
416.75335 86.07155
419.40783 86.86221
422.06231 86.47271
424.71679 85.14477
427.37127 83.55293
430.02575 82.71033
432.68023 83.73128
435.33471 87.53631
437.98919 94.58572
440.64367 104.69788
443.29815 116.99760
445.95263 130.04508
448.60711 142.17133
451.26159 151.96301
453.91607 158.73716
456.57055 162.80140
459.22503 165.35482
461.87951 168.02479
464.53399 172.19036
467.18847 178.34852
469.84295 185.79591
472.49743 192.80123
475.15191 197.24301
477.80639 197.45633
480.46087 192.89900
483.11535 184.31939
485.76983 173.36691
488.42431 161.87895
491.07879 151.21778
493.73327 141.94573
496.38775 133.90344
499.04223 126.55718
501.69671 119.40882
504.35119 112.30531
507.00567 105.56721
509.66015 99.92363
512.31463 96.28828
514.96911 95.45085
517.62359 97.78552
520.27807 103.07745
522.93255 110.53241
525.58703 118.97687
528.24151 127.19236
530.89599 134.27447
533.55047 139.88479
536.20495 144.29624
538.85943 148.22028
541.51391 152.50545
544.16839 157.84949
546.82287 164.64392
549.47735 173.00245
552.13183 182.96362
554.78631 194.81879
557.44079 209.47118
560.09527 228.67526
562.74975 254.99349
565.40423 291.39809
568.05871 340.60807
570.71319 404.35361
573.36767 482.70049
576.02215 573.42287
578.67663 671.40029
581.33111 768.25652
583.98559 852.77531
586.64007 912.62217
589.29455 937.32819
591.94903 921.59375
594.60351 867.39897
597.25799 783.72526
599.91247 683.85038
602.56695 581.46462
605.22143 487.39820
607.87591 408.19731
610.53039 346.57362
613.18487 302.74942
615.83935 275.55633
618.49383 262.76991
621.14831 260.97169
623.80279 265.59848
626.45727 271.58998
629.11175 274.49723
631.76623 271.54233
634.42071 262.16069
637.07519 247.88598
639.72967 231.75234
642.38415 217.48820
645.03863 208.68757
647.69311 208.03255
650.34759 216.62812
653.00207 233.58778
655.65655 256.06668
658.31103 279.87449
660.96551 300.59495
663.61999 314.87793
666.27447 321.40178
668.92895 321.06915
671.58343 316.32661
674.23791 309.94270
676.89239 303.87598
679.54686 298.79706
682.20134 294.41592
684.85582 290.27517
687.51030 286.43417
690.16478 283.62317
692.81926 282.83724
695.47374 284.67210
698.12822 288.79033
700.78270 293.77863
703.43718 297.46404
706.09166 297.60004
708.74614 292.71045
711.40062 282.77948
714.05510 269.46420
716.70958 255.66210
719.36406 244.56641
722.01854 238.61358
724.67302 238.78431
727.32750 244.52521
729.98198 254.25441
732.63646 266.18620
735.29094 279.14612
737.94542 293.12297
740.59990 309.46412
743.25438 330.81158
745.90886 361.01104
748.56334 405.17199
751.21782 469.77333
753.87230 562.39486
756.52678 690.67492
759.18126 860.63001
761.83574 1075.19702
764.49022 1334.06257
767.14470 1635.04727
769.79918 1975.87369
772.45366 2354.20921
775.10814 2764.52072
777.76262 3192.50046
780.41710 3610.25916
783.07158 3976.26764
785.72606 4242.20560
788.38054 4365.25721
791.03502 4321.12886
793.68950 4112.20757
796.34398 3767.39366
798.99846 3333.96319
801.65294 2865.15596
804.30742 2408.35744
806.96190 1997.50995
809.61638 1650.85880
812.27086 1372.86832
814.92534 1158.14439
817.57982 995.51742
820.23430 871.40461
822.88878 772.39574
825.54326 687.28333
828.19774 608.56183
830.85222 533.12674
833.50670 461.87039
836.16118 398.20313
838.81566 346.03090
841.47014 308.02701
844.12462 284.87804
846.77910 275.60562
849.43358 278.43625
852.08806 291.45095
854.74254 312.56363
857.39702 338.99836
860.05150 366.87617
862.70598 391.45587
865.36046 408.08654
868.01494 413.42264
870.66942 406.29642
873.32390 387.88912
875.97838 361.24676
878.63286 330.44655
881.28734 299.72581
883.94182 272.74014
886.59630 251.99638
889.25078 238.49088
891.90526 231.62906
894.55974 229.50792
897.21422 229.55323
899.86870 229.34840
902.52318 227.36949
905.17766 223.34511
907.83214 218.11305
910.48662 213.07134
913.14110 209.48973
915.79558 207.97087
918.45006 208.24421
921.10454 209.32687
923.75902 209.96615
926.41350 209.19766
929.06798 206.79915
931.72246 203.42735
934.37694 200.34655
937.03142 198.87670
939.68590 199.86732
942.34038 203.48566
944.99486 209.38119
947.64934 217.03052
950.30382 225.98660
952.95830 235.89831
955.61278 246.37496
958.26726 256.86454
960.92174 266.66013
963.57622 275.05331
966.23070 281.60413
968.88518 286.46682
971.53966 290.64281
974.19414 295.97097
976.84862 304.72917
979.50310 318.93605
982.15758 339.64974
984.81206 366.56121
987.46654 397.96785
990.12102 431.00519
992.77550 462.00651
995.42998 486.99883
998.08446 502.39002
1000.73894 505.74434
1003.39342 496.35919
1006.04790 475.40780
1008.70238 445.70364
1011.35686 411.36916
1014.01134 377.59467
1016.66582 350.36604
1019.32030 335.90658
1021.97478 339.81345
1024.62926 366.23630
1027.28374 417.55516
1029.93822 494.79858
1032.59270 598.79767
1035.24718 731.98195
1037.90166 900.49910
1040.55614 1115.60152
1043.21062 1392.31943
1045.86510 1743.55391
1048.51958 2169.91944
1051.17406 2649.31064
1053.82854 3132.70198
1056.48302 3551.38088
1059.13750 3835.31368
1061.79198 3935.65679
1064.44646 3841.07362
1067.10094 3580.13270
1069.75542 3209.22318
1072.40990 2792.60745
1075.06438 2384.11230
1077.71886 2017.38321
1080.37334 1706.00452
1083.02782 1449.94153
1085.68230 1243.16920
1088.33678 1078.89808
1090.99126 951.56007
1093.64574 856.68723
1096.30022 790.22411
1098.95470 748.13485
1101.60918 726.34940
1104.26366 720.75545
1106.91814 727.08028
1109.57262 740.76049
1112.22710 756.96996
1114.88158 770.86299
1117.53606 777.97777
1120.19054 774.75962
1122.84502 759.21747
1125.49950 731.64689
1128.15398 695.11828
1130.80846 655.27068
1133.46293 619.14327
1136.11741 593.31322
1138.77189 582.11648
1141.42637 586.76386
1144.08085 605.64230
1146.73533 635.41478
1149.38981 672.25204
1152.04429 712.82387
1154.69877 755.17677
1157.35325 799.76503
1160.00773 850.49681
1162.66221 915.11490
1165.31669 1004.18344
1167.97117 1128.61479
1170.62565 1296.57210
1173.28013 1510.94905
1175.93461 1768.11008
1178.58909 2057.63616
1181.24357 2362.36751
1183.89805 2658.56331
1186.55253 2917.04606
1189.20701 3106.65321
1191.86149 3200.40261
1194.51597 3182.85819
1197.17045 3055.63350
1199.82493 2838.12629
1202.47941 2562.61360
1205.13389 2265.55675
1207.78837 1978.66899
1210.44285 1723.02997
1213.09733 1507.68087
1215.75181 1331.99469
1218.40629 1189.86838
1221.06077 1073.77421
1223.71525 977.48363
1226.36973 897.15644
1229.02421 831.06830
1231.67869 778.51279
1234.33317 738.50575
1236.98765 708.91385
1239.64213 686.48526
1242.29661 667.91877
1244.95109 651.61550
1247.60557 639.31418
1250.26005 636.69974
1252.91453 652.48077
1255.56901 696.23617
1258.22349 776.07410
1260.87797 897.28885
1263.53245 1062.56389
1266.18693 1273.25909
1268.84141 1530.65956
1271.49589 1836.19525
1274.15037 2190.35697
1276.80485 2590.72987
1279.45933 3029.85791
1282.11381 3493.70457
1284.76829 3961.62095
1287.42277 4408.83723
1290.07725 4811.88729
1292.73173 5155.64770
1295.38621 5438.58929
1298.04069 5672.21773
1300.69517 5872.93441
1303.34965 6049.06454
1306.00413 6189.77706
1308.65861 6262.94577
1311.31309 6224.77006
1313.96757 6037.51789
1316.62205 5687.12407
1319.27653 5192.42607
1321.93101 4602.25480
1324.58549 3982.47040
1327.23997 3399.04097
1329.89445 2903.85094
1332.54893 2527.68845
1335.20341 2281.46653
1337.85789 2163.70084
1340.51237 2170.52201
1343.16685 2304.46104
1345.82133 2579.73197
1348.47581 3023.70339
1351.13029 3675.12300
1353.78477 4578.62277
1356.43925 5773.29849
1359.09373 7273.53102
1361.74821 9044.58544
1364.40269 10982.22812
1367.05717 12909.53299
1369.71165 14600.29858
1372.36613 15826.95321
1375.02061 16417.53291
1377.67509 16299.77076
1380.32957 15515.26393
1382.98405 14200.35070
1385.63853 12544.49864
1388.29301 10743.90835
1390.94749 8965.46768
1393.60197 7327.91735
1396.25645 5899.00890
1398.91093 4703.22201
1401.56541 3734.24207
1404.21989 2967.84773
1406.87437 2372.48093
1409.52885 1916.20322
1412.18333 1570.12129
1414.83781 1309.44497
1417.49229 1113.60124
1420.14677 966.21304
1422.80125 854.92722
1425.45573 770.79676
1428.11021 707.27415
1430.76469 659.27139
1433.41917 622.65529
1436.07365 594.08983
1438.72813 570.86387
1441.38261 550.56016
1444.03709 530.83473
1446.69157 509.65471
1449.34605 485.94946
1452.00053 460.17567
1454.65501 434.28037
1457.30949 411.01593
1459.96397 393.07639
1462.61845 382.62410
1465.27293 381.41156
1467.92741 391.23177
1470.58189 414.22594
1473.23637 452.72308
1475.89085 508.59094
1478.54533 582.32248
1481.19981 672.18226
1483.85429 773.72121
1486.50877 879.87219
1489.16325 981.67942
1491.81773 1069.52991
1494.47221 1134.61655
1497.12669 1170.32219
1499.78117 1173.25423
1502.43565 1143.72946
1505.09013 1085.59621
1507.74461 1005.41883
1510.39909 911.24550
1513.05357 811.34376
1515.70805 713.28466
1518.36253 623.54105
1521.01701 547.45898
1523.67149 489.27608
1526.32597 451.92139
1528.98045 436.57499
1531.63493 442.20951
1534.28941 465.43398
1536.94389 500.89263
1539.59837 542.29677
1542.25285 583.92742
1544.90733 622.17141
1547.56181 656.44560
1550.21629 688.91948
1552.87077 722.90403
1555.52525 760.49296
1558.17973 800.58265
1560.83421 838.31851
1563.48869 866.28214
1566.14317 876.81457
1568.79765 864.38978
1571.45213 827.16408
1574.10661 767.42475
1576.76109 691.11806
1579.41557 606.71534
1582.07005 523.58991
1584.72453 450.15606
1587.37900 392.26808
1590.03348 352.45924
1592.68796 330.26275
1595.34244 323.28010
1597.99692 328.32648
1600.65140 342.15794
1603.30588 361.74448
1605.96036 384.33668
1608.61484 407.49644
1611.26932 429.07641
1613.92380 447.15697
1616.57828 460.13938
1619.23276 467.19902
1621.88724 468.95319
1624.54172 467.81119
1627.19620 467.54447
1629.85068 472.20901
1632.50516 485.13369
1635.15964 508.65322
1637.81412 544.60894
1640.46860 595.00378
1643.12308 662.17196
1645.77756 748.32953
1648.43204 854.78453
1651.08652 981.00008
1653.74100 1123.41667
1656.39548 1274.07221
1659.04996 1419.73389
1661.70444 1542.79068
1664.35892 1624.70782
1667.01340 1651.36239
1669.66788 1618.04561
1672.32236 1531.57165
1674.97684 1408.20435
1677.63132 1268.24961
1680.28580 1129.82693
1682.94028 1004.57766
1685.59476 896.86977
1688.24924 806.19199
1690.90372 730.92252
1693.55820 671.26337
1696.21268 629.97935
1698.86716 611.09915
1701.52164 617.93579
1704.17612 651.87804
1706.83060 712.41202
1709.48508 797.62286
1712.13956 904.04200
1714.79404 1025.47758
1717.44852 1151.70558
1720.10300 1268.49908
1722.75748 1359.86344
1725.41196 1411.95287
1728.06644 1416.98988
1730.72092 1375.37074
1733.37540 1295.03668
1736.02988 1188.51074
1738.68436 1069.00474
1741.33884 947.23937
1743.99332 830.06982
1746.64780 721.00552
1749.30228 621.79161
1751.95676 533.86968
1754.61124 458.90426
1757.26572 398.34075
1759.92020 352.59094
1762.57468 320.54163
1765.22916 299.71239
1767.88364 286.92575
1770.53812 279.12008
1773.19260 273.97036
1775.84708 270.13619
1778.50156 267.11365
1781.15604 264.81747
1783.81052 263.14039
1786.46500 261.73617
1789.11948 260.09686
1791.77396 257.76533
1794.42844 254.45348
1797.08292 249.99511
1799.73740 244.26268
1802.39188 237.18540
1805.04636 228.82497
1807.70084 219.34850
1810.35532 208.87111
1813.00980 197.37650
1815.66428 184.93282
1818.31876 172.10518
1820.97324 160.14127
1823.62772 150.58390
1826.28220 144.45865
1828.93668 141.63271
1831.59116 140.87253
1834.24564 140.57484
1836.90012 139.62496
1839.55460 137.81375
1842.20908 135.66975
1844.86356 133.98167
1847.51804 133.35542
1850.17252 133.95336
1852.82700 135.41480
1855.48148 136.97838
1858.13596 137.84483
1860.79044 137.66148
1863.44492 136.80309
1866.09940 136.16335
1868.75388 136.53448
1871.40836 138.02658
1874.06284 139.97162
1876.71732 141.34198
1879.37180 141.29160
1882.02628 139.40963
1884.68076 135.64347
1887.33524 130.18738
1889.98972 123.58943
1892.64420 116.98333
1895.29868 112.10206
1897.95316 110.85626
1900.60764 114.63857
1903.26212 123.77601
1905.91660 137.46557
1908.57108 154.19676
1911.22556 172.37348
1913.88004 190.78230
1916.53452 208.69534
1919.18900 225.61600
1921.84348 240.86956
1924.49796 253.34543
1927.15244 261.64852
1929.80692 264.68547
1932.46140 262.39219
1935.11588 256.12374
1937.77036 248.36040
1940.42484 241.78997
1943.07932 238.22444
1945.73380 237.90923
1948.38828 239.52850
1951.04276 240.81838
1953.69724 239.44497
1956.35172 233.79253
1959.00620 223.43600
1961.66068 209.20280
1964.31516 192.82727
1966.96964 176.32536
1969.62412 161.36115
1972.27860 148.91934
1974.93308 139.42357
1977.58756 133.11975
1980.24204 130.33518
1982.89652 131.34594
1985.55100 135.96981
1988.20548 143.30881
1990.85996 151.98801
1993.51444 160.81251
1996.16892 169.36873
1998.82340 178.10007
2001.47788 187.79576
2004.13236 198.87999
2006.78684 210.98853
2009.44132 223.02877
2012.09580 233.54312
2014.75028 241.06965
2017.40476 244.35874
2020.05924 242.52329
2022.71372 235.23801
2025.36820 222.96380
2028.02268 207.04422
2030.67716 189.54342
2033.33164 172.82762
2035.98612 159.00521
2038.64059 149.37418
2041.29507 144.02358
2043.94955 141.73665
2046.60403 140.30131
2049.25851 137.19638
2051.91299 130.43541
2054.56747 119.25103
2057.22195 104.37308
2059.87643 87.83225
2062.53091 72.37763
2065.18539 60.67901
2067.83987 54.54082
2070.49435 54.40220
2073.14883 59.35163
2075.80331 67.65856
2078.45779 77.51392
2081.11227 87.53650
2083.76675 96.80963
2086.42123 104.61012
2089.07571 110.21466
2091.73019 113.01158
2094.38467 112.78951
2097.03915 109.90030
2099.69363 105.16253
2102.34811 99.65251
2105.00259 94.58218
2107.65707 91.23753
2110.31155 90.75547
2112.96603 93.63738
2115.62051 99.25084
2118.27499 105.76708
2120.92947 110.76013
2123.58395 112.22047
2126.23843 109.42900
2128.89291 103.24349
2131.54739 95.72296
2134.20187 89.33153
2136.85635 86.05398
2139.51083 86.70583
2142.16531 90.65914
2144.81979 96.11965
2147.47427 100.89478
2150.12875 103.32396
2152.78323 102.90431
2155.43771 100.29504
2158.09219 96.74741
2160.74667 93.32260
2163.40115 90.32618
2166.05563 87.21969
2168.71011 83.01689
2171.36459 76.95470
2174.01907 69.09358
2176.67355 60.49427
2179.32803 52.80629
2181.98251 47.45318
2184.63699 44.89673
2187.29147 44.44584
2189.94595 44.70706
2192.60043 44.33449
2195.25491 42.58759
2197.90939 39.44363
2200.56387 35.38102
2203.21835 31.11817
2205.87283 27.47330
2208.52731 25.30270
2211.18179 25.40357
2213.83627 28.35584
2216.49075 34.37912
2219.14523 43.28532
2221.79971 54.54374
2224.45419 67.42327
2227.10867 81.15347
2229.76315 95.02888
2232.41763 108.38914
2235.07211 120.49533
2237.72659 130.45679
2240.38107 137.39021
2243.03555 140.81267
2245.69003 141.00568
2248.34451 139.01963
2250.99899 136.24553
2253.65347 133.84542
2256.30795 132.43881
2258.96243 132.17740
2261.61691 132.99077
2264.27139 134.72378
2266.92587 137.13964
2269.58035 139.98730
2272.23483 143.22985
2274.88931 147.22320
2277.54379 152.53150
2280.19827 159.36829
2282.85275 167.07643
2285.50723 174.13420
2288.16171 178.77431
2290.81619 179.80191
2293.47067 177.07037
2296.12515 171.39214
2298.77963 164.07060
2301.43411 156.37678
2304.08859 149.16141
2306.74307 142.64709
2309.39755 136.43722
2312.05203 129.78921
2314.70651 122.07541
2317.36099 113.17259
2320.01547 103.51846
2322.66995 93.82820
2325.32443 84.73983
2327.97891 76.66285
2330.63339 69.84349
2333.28787 64.44028
2335.94235 60.46760
2338.59683 57.70137
2341.25131 55.72823
2343.90579 54.13870
2346.56027 52.65448
2349.21475 51.03852
2351.86923 48.92747
2354.52371 45.88943
2357.17819 41.79597
2359.83267 37.20097
2362.48715 33.29510
2365.14163 31.35049
2367.79611 32.06289
2370.45059 35.32246
2373.10507 40.54926
2375.75955 47.20793
2378.41403 54.99700
2381.06851 63.59951
2383.72299 72.36721
2386.37747 80.38601
2389.03195 86.96224
2391.68643 92.09725
2394.34091 96.46403
2396.99539 100.82888
2399.64987 105.37038
2402.30435 109.45534
2404.95883 112.03751
2407.61331 112.31512
2410.26779 110.10263
2412.92227 105.69002
2415.57675 99.45953
2418.23123 91.72123
2420.88571 82.93955
2423.54019 74.05907
2426.19467 66.48683
2428.84915 61.61771
2431.50363 60.26333
2434.15811 62.46189
2436.81259 67.77208
2439.46707 75.67827
2442.12155 85.66124
2444.77603 96.89424
2447.43051 107.96777
2450.08499 117.05358
2452.73947 122.49560
2455.39395 123.42207
2458.04843 119.99669
2460.70291 113.26829
2463.35739 104.82322
2466.01187 96.38058
2468.66635 89.31666
2471.32083 84.17099
2473.97531 80.42180
2476.62979 76.83928
2479.28427 72.33220
2481.93875 66.72303
2484.59323 60.86322
2487.24771 56.04496
2489.90219 53.25642
2492.55666 52.85745
2495.21114 54.72579
2497.86562 58.45844
2500.52010 63.32689
2503.17458 68.18215
2505.82906 71.71739
2508.48354 73.10080
2511.13802 72.44101
2513.79250 70.54976
2516.44698 68.12603
2519.10146 65.11481
2521.75594 60.87109
2524.41042 54.96873
2527.06490 47.85949
2529.71938 40.77151
2532.37386 35.01043
2535.02834 31.35243
2537.68282 29.98572
2540.33730 30.81412
2542.99178 33.62893
2545.64626 37.96831
2548.30074 42.96991
2550.95522 47.58208
2553.60970 51.08257
2556.26418 53.47044
2558.91866 55.38655
2561.57314 57.65389
2564.22762 60.82337
2566.88210 64.99729
2569.53658 69.89945
2572.19106 75.02788
2574.84554 79.82735
2577.50002 83.90281
2580.15450 87.19950
2582.80898 89.95998
2585.46346 92.38983
2588.11794 94.27979
2590.77242 94.98442
2593.42690 93.89322
2596.08138 91.05522
2598.73586 87.41949
2601.39034 84.46320
2604.04482 83.49547
2606.69930 85.13560
2609.35378 89.19765
2612.00826 94.81105
2614.66274 100.51538
2617.31722 104.33694
2619.97170 104.10600
2622.62618 98.15099
2625.28066 86.09728
2627.93514 69.24163
2630.58962 50.17947
2633.24410 31.87783
2635.89858 16.75067
2638.55306 6.20262
2641.20754 0.69018
2643.86202 0.00000
2646.51650 3.43082
2649.17098 9.81583
2651.82546 17.55452
