0 0.025167
5 0.0077644
10 -0.0114654
15 -0.004832
20 0.0110406
25 0.006923
30 -0.0054226
35 -0.0029178
40 0.007056
45 0.0051898
50 -0.001409
55 0.0009986
60 0.0056938
65 0.001154
70 -0.0026388
75 0.0025418
80 0.005907
85 -0.0010786
90 -0.004523
95 0.0029534
100 0.0069702
105 -0.0011952
110 -0.0052328
115 0.0039578
120 0.009868
125 0.0005262
130 -0.0075476
135 -0.0007078
140 0.0077264
145 0.003078
150 -0.00512
155 -0.0028036
160 0.0039338
165 0.0041906
170 0.0008458
175 0.0006988
180 0.0007758
185 -0.0011424
190 -0.0003634
195 0.0028524
200 0.0011282
205 -0.0036396
210 -0.001271
215 0.0060998
220 0.0051344
225 -0.0028966
230 -0.0033992
235 0.004239
240 0.0047912
245 -0.0034604
250 -0.005266
255 0.003279
260 0.0070174
265 8.7e-05
270 -0.0047138
275 2.62e-05
280 0.004484
285 0.0020376
290 -0.0008834
295 0.0002814
300 0.000929
305 -0.0005836
310 0.0002974
315 0.0023762
320 -1.1e-05
325 -0.0035016
330 -6.4e-05
335 0.0062318
340 0.0040046
345 -0.0036544
350 -0.0037646
355 0.0031304
360 0.0041792
365 -0.0021204
370 -0.0038104
375 0.0018614
380 0.0043424
385 5.98e-05
390 -0.0022776
395 0.0009906
400 0.0029234
405 0.0002134
410 -0.0015956
415 -8.84e-05
420 0.000881
425 -2.92e-05
430 0.000385
435 0.0013532
440 2.86e-05
445 -0.0012618
450 0.0008898
455 0.0027204
460 -0.0002288
465 -0.003258
470 -0.000299
475 0.003832
480 0.0016438
485 -0.0032306
490 -0.0024286
495 0.002099
500 0.0026894
505 -0.000488
510 -0.0011188
515 0.0008976
520 0.001003
525 -0.0007084
530 -0.0007562
535 0.0002368
540 -0.000174
545 -0.0004804
550 0.0010858
555 0.001662
560 -0.00056
565 -0.0015652
570 0.0010226
575 0.0021152
580 -0.00108
585 -0.0030532
590 0.0003532
595 0.0033872
600 0.0006546
605 -0.0029784
610 -0.0012124
615 0.0025996
620 0.0019732
625 -0.0013228
630 -0.001583
635 0.0006756
640 0.0010128
645 -0.0004908
650 -0.0006468
655 0.0001874
660 8.16e-05
665 -0.0001688
670 0.000657
675 0.0007276
680 -0.0006938
685 -0.0009968
690 0.0007238
695 0.0012086
700 -0.0007582
705 -0.0017226
710 0.0001524
715 0.0014168
720 9.6e-06
725 -0.001172
730 0.0002094
735 0.0014278
740 0.0001884
745 -0.0013292
750 -0.0007626
755 0.0004088
760 0.0003218
765 -0.0001946
770 5.58e-05
775 0.000111
780 -0.0002262
785 7.62e-05
790 0.0006874
795 -5.94e-05
800 -0.0011964
805 -0.000412
810 0.0012664
815 0.0006312
820 -0.001468
825 -0.001267
830 0.0010216
835 0.0014014
840 -0.0006134
845 -0.001277
850 0.0004426
855 0.0011814
860 -0.0003208
865 -0.00125
870 -0.0002024
875 0.0005684
880 -9.44e-05
885 -0.000458
890 0.0001966
895 0.0003308
900 -0.0003314
905 -0.0002788
910 0.0004106
915 8.28e-05
920 -0.0008542
925 -0.0004858
930 0.0006734
935 0.0003804
940 -0.0008878
945 -0.000678
950 0.0007922
955 0.0008734
960 -0.0006254
965 -0.0010722
970 0.000157
975 0.0007394
980 -0.0001622
985 -0.0007272
990 -4.22e-05
995 0.000451
1000 -1.8e-06
1005 -0.0003378
1010 -2.26e-05
1015 0.0001088
1020 -0.0001568
1025 -8.38e-05
1030 0.0002156
1035 -4.84e-05
1040 -0.0004722
1045 -0.0001666
1050 0.0004004
1055 0.0001424
1060 -0.000422
1065 -0.0001518
1070 0.0004892
1075 0.0002218
1080 -0.0005648
1085 -0.0004732
1090 0.00028
1095 0.0003574
1100 -0.0002734
1105 -0.0003862
1110 0.0001288
1115 0.0002908
1120 -5.88e-05
1125 -0.0001982
1130 -9.8e-06
1135 -3.8e-06
1140 -0.000134
1145 -1.2e-05
1150 0.0001112
1155 -0.0001282
1160 -0.0002728
1165 8.76e-05
1170 0.0003486
1175 -4.48e-05
1180 -0.0004386
1185 -0.0001
1190 0.0003448
1195 0.0001008
1200 -0.0003786
1205 -0.000216
1210 0.000246
1215 0.0001718
1220 -0.0002386
1225 -0.000216
1230 0.0001318
1235 0.0001544
1240 -0.0001068
1245 -0.0001372
1250 2.98e-05
1255 8e-06
1260 -0.0001148
1265 -4.2e-05
1270 6.06e-05
1275 -3.94e-05
1280 -0.0001046
1285 7.32e-05
1290 0.0001598
1295 -8.22e-05
1300 -0.0002576
1305 -4.34e-05
1310 0.0001762
1315 1.36e-05
1320 -0.0002106
1325 -7.54e-05
1330 0.0001636
1335 8.28e-05
1340 -0.0001374
1345 -0.0001182
1350 5.56e-05
1355 5.52e-05
1360 -6.26e-05
1365 -6.18e-05
1370 1.08e-05
1375 -7.8e-06
1380 -5.24e-05
1385 -1.16e-05
1390 1.78e-05
1395 -3.82e-05
1400 -4.94e-05
1405 3.42e-05
1410 3.3e-05
1415 -9.02e-05
1420 -0.000102
1425 5.38e-05
1430 0.0001022
1435 -6.16e-05
1440 -0.0001534
1445 1.4e-06
1450 0.0001334
1455 2.74e-05
1460 -0.0001136
1465 -6.06e-05
1470 5.56e-05
1475 2.18e-05
1480 -7.1e-05
1485 -5.08e-05
1490 2.32e-05
1495 1.76e-05
1500 -1.84e-05
1505 -3.2e-06
1510 3e-06
1515 -3.64e-05
1520 -4.3e-05
1525 1.5e-05
1530 2.58e-05
1535 -4.1e-05
1540 -5.6e-05
1545 1.32e-05
1550 4.02e-05
1555 -3.42e-05
1560 -6.98e-05
1565 2e-06
1570 5.5e-05
1575 -4e-06
1580 -6.58e-05
1585 -2.82e-05
1590 3.3e-05
1595 1.36e-05
1600 -4.3e-05
1605 -3.76e-05
1610 7.6e-06
1615 1.78e-05
1620 -2.2e-06
1625 -1.22e-05
1630 -1.28e-05
1635 -1.74e-05
1640 -9.4e-06
1645 3.8e-06
1650 -9e-06
1655 -3.1e-05
1660 -1.54e-05
1665 1.98e-05
1670 1.4e-05
1675 -2.64e-05
1680 -2.94e-05
1685 7.8e-06
1690 1.72e-05
1695 -1.9e-05
1700 -3.4e-05
1705 -4.6e-06
1710 1.78e-05
1715 -1.4e-06
1720 -2.48e-05
1725 -1.7e-05
1730 1.4e-06
1735 2.8e-06
1740 -3.6e-06
1745 -8.2e-06
1750 -1.02e-05
1755 -9e-06
1760 1e-06
1765 1.6e-06
1770 -1.36e-05
1775 -2.38e-05
1780 -5.2e-06
1785 1.46e-05
1790 2.2e-06
1795 -2.14e-05
1800 -1.58e-05
1805 6e-06
1810 5.4e-06
1815 -1.56e-05
1820 -1.76e-05
1825 -2e-07
1830 5.6e-06
1835 -7e-06
1840 -1.12e-05
1845 -2.2e-06
1850 8e-07
1855 -5.6e-06
1860 -7e-06
1865 -3e-06
1870 -3.2e-06
1875 -6.6e-06
1880 -2e-06
1885 2.8e-06
1890 -3.2e-06
1895 -9.6e-06
1900 -2.2e-06
1905 6e-06
1910 -2e-06
1915 -1.2e-05
1920 -5.6e-06
1925 6.8e-06
1930 3.4e-06
1935 -9.8e-06
1940 -1e-05
1945 1.2e-06
1950 4e-06
1955 -3.2e-06
1960 -5.2e-06
1965 2e-07
1970 2e-06
1975 -2.6e-06
1980 -4.2e-06
1985 -2.4e-06
1990 -2e-06
1995 -2.2e-06
2000 6e-07
2005 1.6e-06
2010 -1.6e-06
2015 -4.2e-06
2020 -8e-07
2025 2.2e-06
2030 -1.8e-06
2035 -5.4e-06
2040 -2e-06
2045 3e-06
2050 8e-07
2055 -4.2e-06
2060 -2.8e-06
2065 1.2e-06
2070 6e-07
2075 -2.6e-06
2080 -2.6e-06
2085 -1.69407e-22
2090 4e-07
2095 -1.6e-06
2100 -2.2e-06
2105 -1.8e-06
2110 -8e-07
2115 -8e-07
2120 0
2125 -4e-07
2130 -1.6e-06
2135 -1.8e-06
2140 -8.47033e-23
2145 6e-07
2150 -1.4e-06
2155 -2.6e-06
2160 -8e-07
2165 6e-07
2170 -6e-07
2175 -2e-06
2180 -6e-07
2185 6e-07
2190 0
2195 -1.8e-06
2200 -1.4e-06
2205 -2e-07
2210 0
2215 -4e-07
2220 -6e-07
2225 -4e-07
2230 -4e-07
2235 -6e-07
2240 0
2245 -4e-07
2250 -1e-06
2255 -4e-07
2260 4e-07
2265 6e-07
2270 -1e-06
2275 -1.2e-06
2280 0
2285 4e-07
2290 -2e-07
2295 -1e-06
2300 -2e-07
2305 8e-07
2310 -2e-07
2315 -1e-06
2320 -6e-07
2325 0
2330 0
2335 -6e-07
2340 0
2345 0
2350 -2e-07
2355 -4e-07
2360 -2e-07
2365 -2e-07
2370 -6e-07
2375 -4e-07
2380 0
2385 2e-07
2390 -4e-07
2395 -4e-07
2400 0
2405 2e-07
2410 -4e-07
2415 -6e-07
2420 -2e-07
2425 2e-07
2430 0
2435 -4e-07
2440 -2e-07
2445 -2e-07
2450 0
2455 0
2460 0
2465 -2e-07
2470 0
2475 0
2480 0
2485 0
2490 -2e-07
2495 0
2500 0
2505 0
2510 0
2515 0
2520 0
2525 0
2530 0
2535 0
2540 0
2545 0
2550 0
2555 0
2560 0
2565 0
2570 0
2575 0
2580 0
2585 0
2590 0
2595 0
2600 0
2605 0
2610 0
2615 0
2620 0
2625 0
2630 0
2635 0
2640 0
2645 0
2650 0
2655 0
2660 0
2665 0
2670 0
2675 0
2680 0
2685 0
2690 0
2695 0
2700 0
2705 0
2710 0
2715 0
2720 0
2725 0
2730 0
2735 0
2740 0
2745 0
2750 0
2755 0
2760 0
2765 0
2770 0
2775 0
2780 0
2785 0
2790 0
2795 0
2800 0
2805 0
2810 0
2815 0
2820 0
2825 0
2830 0
2835 0
2840 0
2845 0
2850 0
2855 0
2860 0
2865 0
2870 0
2875 0
2880 0
2885 0
2890 0
2895 0
2900 0
2905 0
2910 0
2915 0
2920 0
2925 0
2930 0
2935 0
2940 0
2945 0
2950 0
2955 0
2960 0
2965 0
2970 0
2975 0
2980 0
2985 0
2990 0
2995 0
3000 0
3005 0
3010 0
3015 0
3020 0
3025 0
3030 0
3035 0
3040 0
3045 0
3050 0
3055 0
3060 0
3065 0
3070 0
3075 0
3080 0
3085 0
3090 0
3095 0
3100 0
3105 0
3110 0
3115 0
3120 0
3125 0
3130 0
3135 0
3140 0
3145 0
3150 0
3155 0
3160 0
3165 0
3170 0
3175 0
3180 0
3185 0
3190 0
3195 0
3200 0
3205 0
3210 0
3215 0
3220 0
3225 0
3230 0
3235 0
3240 0
3245 0
3250 0
3255 0
3260 0
3265 0
3270 0
3275 0
3280 0
3285 0
3290 0
3295 0
3300 0
3305 0
3310 0
3315 0
3320 0
3325 0
3330 0
3335 0
3340 0
3345 0
3350 0
3355 0
3360 0
3365 0
3370 0
3375 0
3380 0
3385 0
3390 0
3395 0
3400 0
3405 0
3410 0
3415 0
3420 0
3425 0
3430 0
3435 0
3440 0
3445 0
3450 0
3455 0
3460 0
3465 0
3470 0
3475 0
3480 0
3485 0
3490 0
3495 0
3500 0
3505 0
3510 0
3515 0
3520 0
3525 0
3530 0
3535 0
3540 0
3545 0
3550 0
3555 0
3560 0
3565 0
3570 0
3575 0
3580 0
3585 0
3590 0
3595 0
3600 0
3605 0
3610 0
3615 0
3620 0
3625 0
3630 0
3635 0
3640 0
3645 0
3650 0
3655 0
3660 0
3665 0
3670 0
3675 0
3680 0
3685 0
3690 0
3695 0
3700 0
3705 0
3710 0
3715 0
3720 0
3725 0
3730 0
3735 0
3740 0
3745 0
3750 0
3755 0
3760 0
3765 0
3770 0
3775 0
3780 0
3785 0
3790 0
3795 0
3800 0
3805 0
3810 0
3815 0
3820 0
3825 0
3830 0
3835 0
3840 0
3845 0
3850 0
3855 0
3860 0
3865 0
3870 0
3875 0
3880 0
3885 0
3890 0
3895 0
3900 0
3905 0
3910 0
3915 0
3920 0
3925 0
3930 0
3935 0
3940 0
3945 0
3950 0
3955 0
3960 0
3965 0
3970 0
3975 0
3980 0
3985 0
3990 0
3995 0
