0 0.0258238
5 0.0080278
10 -0.0120214
15 -0.0062948
20 0.009955
25 0.007211
30 -0.0050488
35 -0.0043916
40 0.004481
45 0.004128
50 -0.0001864
55 0.0020702
60 0.0046966
65 -0.0007488
70 -0.0031958
75 0.0031364
80 0.0057788
85 -0.0030706
90 -0.0071352
95 0.0019526
100 0.0078616
105 -0.0003984
110 -0.0062418
115 0.001994
120 0.009077
125 0.0014358
130 -0.0068918
135 -0.0021262
140 0.0051846
145 0.0017824
150 -0.0043558
155 -0.002518
160 0.0021214
165 0.001969
170 0.001416
175 0.0029776
180 0.0005848
185 -0.0045462
190 -0.0024544
195 0.0046998
200 0.0030648
205 -0.0059316
210 -0.0055676
215 0.005478
220 0.0085378
225 -0.0016926
230 -0.0067028
235 0.0010622
240 0.0063298
245 2.18e-05
250 -0.0050636
255 -0.0003784
260 0.0038074
265 0.0002046
270 -0.0026376
275 0.0008662
280 0.0028772
285 -0.0002002
290 -0.0008642
295 0.002562
300 0.002046
305 -0.0028504
310 -0.0027144
315 0.0023984
320 0.002133
325 -0.0035864
330 -0.0029862
335 0.0045768
340 0.0059562
345 -0.0017406
350 -0.0054784
355 0.0003362
360 0.0046358
365 0.0004316
370 -0.0039486
375 -0.0016964
380 0.0019308
385 0.0015254
390 0.000236
395 0.0004446
400 -0.000228
405 -0.001347
410 0.0004966
415 0.0026732
420 2.7e-05
425 -0.0040102
430 -0.0019634
435 0.0033014
440 0.0028146
445 -0.002406
450 -0.0029608
455 0.0016354
460 0.0031466
465 -0.0004066
470 -0.0020932
475 0.0001858
480 0.00107
485 -0.0010552
490 -0.0016332
495 0.0002526
500 0.0009962
505 6.14e-05
510 0.0005214
515 0.0014128
520 -7.42e-05
525 -0.0020398
530 -0.0005704
535 0.001777
540 0.0004162
545 -0.0023558
550 -0.0010148
555 0.0023826
560 0.0018428
565 -0.0015924
570 -0.0016804
575 0.0014104
580 0.0019812
585 -0.0007482
590 -0.0018694
595 -5.98e-05
600 0.000958
605 -0.0001476
610 -0.000585
615 0.0002938
620 0.0005008
625 -4.58e-05
630 0.0004104
635 0.001112
640 8e-06
645 -0.0015336
650 -0.0007176
655 0.0010594
660 0.0006696
665 -0.001056
670 -0.0007168
675 0.0011606
680 0.0013108
685 -0.0003456
690 -0.0007952
695 0.0003992
700 0.0007432
705 -0.00044
710 -0.0010722
715 -0.0002826
720 0.0004572
725 0.000277
730 -3.8e-06
735 1.44e-05
740 -4.86e-05
745 -4.68e-05
750 0.0002544
755 0.0002046
760 -0.000525
765 -0.0008368
770 6.36e-05
775 0.0007418
780 -5.66e-05
785 -0.0010166
790 -0.0003952
795 0.000864
800 0.000837
805 -0.0002294
810 -0.0006314
815 -0.0002166
820 2e-06
825 -0.0001952
830 -0.0002368
835 -0.0001094
840 -6.7e-05
845 5.04e-05
850 0.0003446
855 0.0002804
860 -0.0002664
865 -0.0005284
870 -8.2e-05
875 0.000277
880 -0.0001204
885 -0.0005702
890 -0.0002116
895 0.0003634
900 0.0002426
905 -0.0002434
910 -0.0002092
915 0.0002312
920 0.0002416
925 -0.0002244
930 -0.000446
935 -0.0001522
940 0.0001408
945 6.24e-05
950 -0.0001132
955 -0.0001036
960 5.6e-05
965 0.0001726
970 0.0001316
975 -4.6e-06
980 -0.0001364
985 -0.00018
990 -7.34e-05
995 -2.4e-06
1000 -6.06e-05
1005 -0.0001574
1010 -4.2e-05
1015 0.000194
1020 0.0002252
1025 -1.3e-05
1030 -0.0001682
1035 -7.72e-05
1040 5.78e-05
1045 -3.96e-05
1050 -0.000194
1055 -0.0001588
1060 4.54e-05
1065 0.000115
1070 7.8e-06
1075 -5.72e-05
1080 0
1085 3.98e-05
1090 -6.6e-06
1095 -4.6e-05
1100 -5.84e-05
1105 -8.62e-05
1110 -9.7e-05
1115 -3.2e-06
1120 3.6e-05
1125 -4.14e-05
1130 -7.06e-05
1135 9.76e-05
1140 0.0001882
1145 -1.54e-05
1150 -0.0002342
1155 -0.0001084
1160 0.0001216
1165 7.84e-05
1170 -0.0001458
1175 -0.0001424
1180 4.66e-05
1185 0.0001178
1190 2.92e-05
1195 4.6e-06
1200 2.94e-05
1205 -7.8e-06
1210 -8.02e-05
1215 -4.46e-05
1220 2.16e-05
1225 -3.66e-05
1230 -9.42e-05
1235 7.2e-06
1240 0.0001242
1245 4.74e-05
1250 -7.2e-05
1255 -2.18e-05
1260 7.96e-05
1265 1.76e-05
1270 -7.64e-05
1275 -4.08e-05
1280 3.46e-05
1285 -1.16e-05
1290 -6.22e-05
1295 1.14e-05
1300 8.2e-05
1305 2.9e-05
1310 -2.8e-05
1315 2.7e-05
1320 6.48e-05
1325 -4.16e-05
1330 -0.0001092
1335 -2.08e-05
1340 6.2e-05
1345 4e-07
1350 -5.68e-05
1355 3.58e-05
1360 0.0001046
1365 5.6e-06
1370 -8.22e-05
1375 -8e-06
1380 6.52e-05
1385 -1.66e-05
1390 -9.4e-05
1395 -1.68e-05
1400 7.08e-05
1405 9.4e-06
1410 -5.26e-05
1415 8.8e-06
1420 6.8e-05
1425 7.8e-06
1430 -6.22e-05
1435 -2.18e-05
1440 2.8e-05
1445 -2.42e-05
1450 -6.74e-05
1455 -5.6e-06
1460 4.74e-05
1465 6.8e-06
1470 -4.04e-05
1475 2.6e-06
1480 4.1e-05
1485 -2.2e-06
1490 -4.56e-05
1495 -1.82e-05
1500 1.06e-05
1505 -2e-05
1510 -4e-05
1515 3.4e-06
1520 3.12e-05
1525 4e-07
1530 -1.8e-05
1535 1e-05
1540 1.4e-05
1545 -2.74e-05
1550 -3.94e-05
1555 4.4e-06
1560 1.38e-05
1565 -2.7e-05
1570 -2.9e-05
1575 2.6e-05
1580 3.74e-05
1585 -1.66e-05
1590 -4.06e-05
1595 6e-06
1600 3.06e-05
1605 -7.6e-06
1610 -3.74e-05
1615 -1.26e-05
1620 8.4e-06
1625 -8.6e-06
1630 -1.2e-05
1635 1.64e-05
1640 1.72e-05
1645 -1.72e-05
1650 -2.3e-05
1655 1.26e-05
1660 1.48e-05
1665 -2.74e-05
1670 -3.64e-05
1675 5.4e-06
1680 2.4e-05
1685 -8.2e-06
1690 -2.52e-05
1695 2.2e-06
1700 2e-05
1705 -1.2e-06
1710 -2.1e-05
1715 -9.8e-06
1720 2.8e-06
1725 -6.2e-06
1730 -1.18e-05
1735 -1.2e-06
1740 3.8e-06
1745 -5.8e-06
1750 -6.2e-06
1755 5.2e-06
1760 3.8e-06
1765 -1.08e-05
1770 -1.06e-05
1775 3e-06
1780 2.2e-06
1785 -1.2e-05
1790 -1.08e-05
1795 5.6e-06
1800 7.8e-06
1805 -5.4e-06
1810 -8.4e-06
1815 3.6e-06
1820 6.8e-06
1825 -3.8e-06
1830 -7.8e-06
1835 -2.8e-06
1840 -2.4e-06
1845 -5e-06
1850 -1e-06
1855 4.8e-06
1860 2e-07
1865 -5e-06
1870 1.6e-06
1875 7.4e-06
1880 -1.6e-06
1885 -1.12e-05
1890 -4.8e-06
1895 7e-06
1900 2e-06
1905 -8.6e-06
1910 -5.4e-06
1915 6e-06
1920 4.6e-06
1925 -4.4e-06
1930 -3.8e-06
1935 3e-06
1940 1.2e-06
1945 -5e-06
1950 -4.2e-06
1955 1.2e-06
1960 -3.38813e-22
1965 -3.6e-06
1970 -8e-07
1975 3.4e-06
1980 8.47033e-23
1985 -4.2e-06
1990 -1e-06
1995 3.8e-06
2000 -6e-07
2005 -6.8e-06
2010 -3.6e-06
2015 3.2e-06
2020 2.2e-06
2025 -3.6e-06
2030 -3.4e-06
2035 1.8e-06
2040 2.4e-06
2045 -1.2e-06
2050 -2.4e-06
2055 -8e-07
2060 -4e-07
2065 -1.6e-06
2070 -4e-07
2075 2e-07
2080 -1.2e-06
2085 -1.6e-06
2090 6e-07
2095 1.8e-06
2100 -4e-07
2105 -2.2e-06
2110 -4e-07
2115 1.2e-06
2120 0
2125 -2.4e-06
2130 -1.4e-06
2135 6e-07
2140 4e-07
2145 -6e-07
2150 0
2155 6e-07
2160 -6e-07
2165 -1.2e-06
2170 4e-07
2175 4e-07
2180 -1.4e-06
2185 -1.4e-06
2190 8e-07
2195 1e-06
2200 -8e-07
2205 -1.2e-06
2210 4.23516e-23
2215 1.2e-06
2220 -6e-07
2225 -1.6e-06
2230 -2e-07
2235 1e-06
2240 -4e-07
2245 -1.6e-06
2250 -2e-07
2255 8e-07
2260 4e-07
2265 -6e-07
2270 -2e-07
2275 2e-07
2280 -4e-07
2285 -1e-06
2290 0
2295 0
2300 -4e-07
2305 -1e-06
2310 0
2315 6e-07
2320 -2e-07
2325 -8e-07
2330 0
2335 6e-07
2340 -4e-07
2345 -6e-07
2350 -4e-07
2355 2e-07
2360 0
2365 -4e-07
2370 -2e-07
2375 -2e-07
2380 -4e-07
2385 -2e-07
2390 -2e-07
2395 -2e-07
2400 -4e-07
2405 -2e-07
2410 0
2415 0
2420 -4e-07
2425 -4e-07
2430 2e-07
2435 0
2440 -2e-07
2445 0
2450 0
2455 2e-07
2460 0
2465 -2e-07
2470 0
2475 0
2480 0
2485 0
2490 0
2495 0
2500 0
2505 0
2510 0
2515 0
2520 0
2525 0
2530 0
2535 0
2540 0
2545 0
2550 0
2555 0
2560 0
2565 0
2570 0
2575 0
2580 0
2585 0
2590 0
2595 0
2600 0
2605 0
2610 0
2615 0
2620 0
2625 0
2630 0
2635 0
2640 0
2645 0
2650 0
2655 0
2660 0
2665 0
2670 0
2675 0
2680 0
2685 0
2690 0
2695 0
2700 0
2705 0
2710 0
2715 0
2720 0
2725 0
2730 0
2735 0
2740 0
2745 0
2750 0
2755 0
2760 0
2765 0
2770 0
2775 0
2780 0
2785 0
2790 0
2795 0
2800 0
2805 0
2810 0
2815 0
2820 0
2825 0
2830 0
2835 0
2840 0
2845 0
2850 0
2855 0
2860 0
2865 0
2870 0
2875 0
2880 0
2885 0
2890 0
2895 0
2900 0
2905 0
2910 0
2915 0
2920 0
2925 0
2930 0
2935 0
2940 0
2945 0
2950 0
2955 0
2960 0
2965 0
2970 0
2975 0
2980 0
2985 0
2990 0
2995 0
3000 0
3005 0
3010 0
3015 0
3020 0
3025 0
3030 0
3035 0
3040 0
3045 0
3050 0
3055 0
3060 0
3065 0
3070 0
3075 0
3080 0
3085 0
3090 0
3095 0
3100 0
3105 0
3110 0
3115 0
3120 0
3125 0
3130 0
3135 0
3140 0
3145 0
3150 0
3155 0
3160 0
3165 0
3170 0
3175 0
3180 0
3185 0
3190 0
3195 0
3200 0
3205 0
3210 0
3215 0
3220 0
3225 0
3230 0
3235 0
3240 0
3245 0
3250 0
3255 0
3260 0
3265 0
3270 0
3275 0
3280 0
3285 0
3290 0
3295 0
3300 0
3305 0
3310 0
3315 0
3320 0
3325 0
3330 0
3335 0
3340 0
3345 0
3350 0
3355 0
3360 0
3365 0
3370 0
3375 0
3380 0
3385 0
3390 0
3395 0
3400 0
3405 0
3410 0
3415 0
3420 0
3425 0
3430 0
3435 0
3440 0
3445 0
3450 0
3455 0
3460 0
3465 0
3470 0
3475 0
3480 0
3485 0
3490 0
3495 0
3500 0
3505 0
3510 0
3515 0
3520 0
3525 0
3530 0
3535 0
3540 0
3545 0
3550 0
3555 0
3560 0
3565 0
3570 0
3575 0
3580 0
3585 0
3590 0
3595 0
3600 0
3605 0
3610 0
3615 0
3620 0
3625 0
3630 0
3635 0
3640 0
3645 0
3650 0
3655 0
3660 0
3665 0
3670 0
3675 0
3680 0
3685 0
3690 0
3695 0
3700 0
3705 0
3710 0
3715 0
3720 0
3725 0
3730 0
3735 0
3740 0
3745 0
3750 0
3755 0
3760 0
3765 0
3770 0
3775 0
3780 0
3785 0
3790 0
3795 0
3800 0
3805 0
3810 0
3815 0
3820 0
3825 0
3830 0
3835 0
3840 0
3845 0
3850 0
3855 0
3860 0
3865 0
3870 0
3875 0
3880 0
3885 0
3890 0
3895 0
3900 0
3905 0
3910 0
3915 0
3920 0
3925 0
3930 0
3935 0
3940 0
3945 0
3950 0
3955 0
3960 0
3965 0
3970 0
3975 0
3980 0
3985 0
3990 0
3995 0
