0 0.019484
5 0.0062826
10 -0.0093366
15 -0.0060586
20 0.0053126
25 0.0045748
30 -0.00294
35 -0.0033356
40 0.0016938
45 0.0022792
50 5.42e-05
55 0.000213
60 0.001124
65 -0.0004508
70 -0.000859
75 0.0013702
80 0.0017604
85 -0.0012992
90 -0.0022624
95 0.0006796
100 0.0020306
105 -0.0008016
110 -0.0023572
115 0.0004322
120 0.002821
125 0.0009022
130 -0.0017218
135 -0.0009894
140 0.0010232
145 0.0008774
150 -0.0005516
155 -0.0008028
160 -0.0001196
165 0.0002094
170 0.0003188
175 0.000484
180 9.16e-05
185 -0.0005756
190 -0.0003512
195 0.0005566
200 0.0005034
205 -0.0004566
210 -0.0007716
215 6.46e-05
220 0.0006384
225 0.000126
230 -0.000342
235 -1.24e-05
240 0.0003422
245 5.04e-05
250 -0.0002148
255 8.72e-05
260 0.0003592
265 3.98e-05
270 -0.0003004
275 -6.68e-05
280 0.00018
285 -2.28e-05
290 -0.0001838
295 0.0001734
300 0.0003484
305 1.78e-05
310 -0.0002244
315 -4.58e-05
320 1.58e-05
325 -0.0001744
330 -0.0001402
335 0.0002044
340 0.000296
345 -4.6e-06
350 -0.0002372
355 -0.0001504
360 2.78e-05
365 3.92e-05
370 -6.4e-05
375 -0.0001462
380 3.66e-05
385 0.000208
390 6.92e-05
395 -0.0002052
400 -0.0001976
405 3.34e-05
410 5.86e-05
415 -0.0001414
420 -0.0001694
425 3.66e-05
430 0.0002
435 2.96e-05
440 -0.000204
445 -0.0001748
450 -6e-06
455 4.64e-05
460 -4.06e-05
465 -0.0002226
470 -0.0001624
475 4.66e-05
480 0.0001132
485 -2.66e-05
490 -0.000164
495 -0.0001542
500 1.04e-05
505 0.0001284
510 5.3e-05
515 -0.0001786
520 -0.000196
525 9.88e-05
530 0.0002792
535 1.6e-05
540 -0.0002994
545 -9.24e-05
550 0.0003244
555 0.0002414
560 -0.0001816
565 -0.0002378
570 8.44e-05
575 0.0002314
580 6.44e-05
585 -3.82e-05
590 1.06e-05
595 -5.34e-05
600 -8e-05
605 8.2e-05
610 0.0001848
615 -1.76e-05
620 -0.0001208
625 0.0001274
630 0.0002024
635 -0.0001136
640 -0.0002716
645 8.98e-05
650 0.000345
655 3.16e-05
660 -0.000332
665 -0.0001224
670 0.0002758
675 0.000249
680 -8.88e-05
685 -0.0002404
690 -9.22e-05
695 9.62e-05
700 0.0001628
705 7.14e-05
710 -0.000121
715 -0.0002302
720 -7.68e-05
725 0.0001812
730 0.0001992
735 -2.6e-05
740 -0.0001326
745 -5.2e-06
750 9.98e-05
755 1.48e-05
760 -4.84e-05
765 -3.9e-05
770 -1.12e-05
775 2.22e-05
780 9.26e-05
785 5.18e-05
790 -8.34e-05
795 -0.0001348
800 -1e-05
805 5.52e-05
810 4.14e-05
815 1.14e-05
820 -8.8e-06
825 -3.08e-05
830 -1.26e-05
835 1.42e-05
840 4.6e-05
845 4.04e-05
850 -3.8e-06
855 -4.68e-05
860 -7.38e-05
865 -2.26e-05
870 2.98e-05
875 1.08e-05
880 -2.16e-05
885 2.66e-05
890 4.04e-05
895 -2.58e-05
900 -6.38e-05
905 9.2e-06
910 3.56e-05
915 -5.5e-05
920 -8.88e-05
925 2.68e-05
930 0.0001058
935 -3.58e-05
940 -0.0001686
945 -5.28e-05
950 0.000128
955 7.32e-05
960 -9.2e-05
965 -7.12e-05
970 5.5e-05
975 1.28e-05
980 -6.02e-05
985 1.8e-06
990 3.06e-05
995 -9.26e-05
1000 -0.000157
1005 1.92e-05
1010 0.0001504
1015 1.28e-05
1020 -0.00015
1025 -6.02e-05
1030 0.0001158
1035 7.98e-05
1040 -8.7e-05
1045 -9.2e-05
1050 3.84e-05
1055 5.12e-05
1060 -4.52e-05
1065 -5.34e-05
1070 2.68e-05
1075 4.46e-05
1080 -2.26e-05
1085 -4.94e-05
1090 -2.38e-05
1095 -2.36e-05
1100 -1.52e-05
1105 3.26e-05
1110 3.86e-05
1115 -1.9e-05
1120 -3.92e-05
1125 1.52e-05
1130 3.46e-05
1135 -2.4e-05
1140 -6.74e-05
1145 -2.02e-05
1150 4.28e-05
1155 2.02e-05
1160 -2.56e-05
1165 -1.04e-05
1170 2.52e-05
1175 1.58e-05
1180 4.2e-06
1185 7.6e-06
1190 1.36e-05
1195 -3.8e-06
1200 -2.14e-05
1205 -6.4e-06
1210 6e-06
1215 4.2e-06
1220 5.6e-06
1225 9.4e-06
1230 -5.6e-06
1235 -1.38e-05
1240 9.8e-06
1245 1.9e-05
1250 -1.46e-05
1255 -3.58e-05
1260 -1e-06
1265 2.96e-05
1270 1.22e-05
1275 -3.04e-05
1280 -4.5e-05
1285 -1.78e-05
1290 9.4e-06
1295 1.58e-05
1300 4.2e-06
1305 -1.48e-05
1310 -3.34e-05
1315 -2.08e-05
1320 1.2e-05
1325 1.76e-05
1330 -1.28e-05
1335 -3.2e-05
1340 -1.82e-05
1345 4e-07
1350 -6.6e-06
1355 -2.08e-05
1360 -1.6e-06
1365 1.9e-05
1370 -6.8e-06
1375 -3.64e-05
1380 -1.78e-05
1385 1.56e-05
1390 9.4e-06
1395 -1.24e-05
1400 -1.6e-05
1405 -4.6e-06
1410 4e-07
1415 7.4e-06
1420 6e-06
1425 -1.24e-05
1430 -2.46e-05
1435 -4.4e-06
1440 2.56e-05
1445 8.8e-06
1450 -2.88e-05
1455 -1.84e-05
1460 2.88e-05
1465 2.5e-05
1470 -3.36e-05
1475 -4.22e-05
1480 2.04e-05
1485 4.66e-05
1490 1.8e-06
1495 -3.64e-05
1500 -1.82e-05
1505 1.36e-05
1510 1.7e-05
1515 -1.4e-06
1520 -1.38e-05
1525 -1.4e-05
1530 -4.2e-06
1535 5.4e-06
1540 3.2e-06
1545 -1.06e-05
1550 -1.44e-05
1555 1e-06
1560 1.06e-05
1565 -1.2e-06
1570 -1.36e-05
1575 -4.6e-06
1580 8e-06
1585 6e-07
1590 -1.36e-05
1595 -1.06e-05
1600 3.2e-06
1605 8.4e-06
1610 1.8e-06
1615 -9e-06
1620 -1.24e-05
1625 -5.4e-06
1630 6.8e-06
1635 5.4e-06
1640 -9.2e-06
1645 -1.32e-05
1650 2.2e-06
1655 1.04e-05
1660 -2.6e-06
1665 -1.34e-05
1670 -3.2e-06
1675 8.4e-06
1680 3.4e-06
1685 -5.4e-06
1690 -2.6e-06
1695 2.8e-06
1700 1.2e-06
1705 -2.2e-06
1710 -2e-07
1715 1e-06
1720 -2.8e-06
1725 -3.2e-06
1730 2.2e-06
1735 2.4e-06
1740 -4.6e-06
1745 -5.2e-06
1750 4.2e-06
1755 5.4e-06
1760 -3e-06
1765 -4.2e-06
1770 3.4e-06
1775 3.4e-06
1780 -5.2e-06
1785 -7.2e-06
1790 2.4e-06
1795 5e-06
1800 -2.2e-06
1805 -5.2e-06
1810 1.2e-06
1815 3.2e-06
1820 -1.8e-06
1825 -3.6e-06
1830 2e-07
1835 1e-06
1840 -1.8e-06
1845 -1.4e-06
1850 2.8e-06
1855 2e-06
1860 -2.6e-06
1865 -3.2e-06
1870 6e-07
1875 2.2e-06
1880 2e-07
1885 -8e-07
1890 -2e-07
1895 -1e-06
1900 -2.2e-06
1905 -1.6e-06
1910 -1e-06
1915 -4e-07
1920 0
1925 6e-07
1930 4e-07
1935 -2e-07
1940 6e-07
1945 1.4e-06
1950 -2e-07
1955 -2.8e-06
1960 -1.6e-06
1965 1.8e-06
1970 2e-06
1975 -1.6e-06
1980 -2.4e-06
1985 4e-07
1990 2.2e-06
1995 8e-07
2000 -6e-07
2005 -2e-07
2010 8.47033e-23
2015 -4e-07
2020 2e-07
2025 2e-07
2030 -2e-07
2035 -8e-07
2040 0
2045 4e-07
2050 -4e-07
2055 -8e-07
2060 2e-07
2065 8e-07
2070 0
2075 -1.2e-06
2080 -8e-07
2085 4e-07
2090 4e-07
2095 -2e-07
2100 -1e-06
2105 -4e-07
2110 2e-07
2115 2e-07
2120 -6e-07
2125 -1e-06
2130 -2e-07
2135 8e-07
2140 6e-07
2145 -2e-07
2150 -4e-07
2155 -2e-07
2160 -2e-07
2165 -4e-07
2170 -2e-07
2175 2e-07
2180 0
2185 -2e-07
2190 0
2195 -2e-07
2200 0
2205 2e-07
2210 0
2215 0
2220 -2e-07
2225 -2e-07
2230 0
2235 0
2240 -2e-07
2245 -6e-07
2250 -4e-07
2255 2e-07
2260 4e-07
2265 2e-07
2270 -2e-07
2275 -2e-07
2280 0
2285 -2e-07
2290 -2e-07
2295 0
2300 0
2305 -2e-07
2310 0
2315 0
2320 0
2325 0
2330 0
2335 0
2340 0
2345 0
2350 0
2355 0
2360 0
2365 0
2370 0
2375 0
2380 0
2385 0
2390 0
2395 0
2400 0
2405 0
2410 0
2415 0
2420 0
2425 0
2430 0
2435 0
2440 0
2445 0
2450 0
2455 0
2460 0
2465 0
2470 0
2475 0
2480 0
2485 0
2490 0
2495 0
2500 0
2505 0
2510 0
2515 0
2520 0
2525 0
2530 0
2535 0
2540 0
2545 0
2550 0
2555 0
2560 0
2565 0
2570 0
2575 0
2580 0
2585 0
2590 0
2595 0
2600 0
2605 0
2610 0
2615 0
2620 0
2625 0
2630 0
2635 0
2640 0
2645 0
2650 0
2655 0
2660 0
2665 0
2670 0
2675 0
2680 0
2685 0
2690 0
2695 0
2700 0
2705 0
2710 0
2715 0
2720 0
2725 0
2730 0
2735 0
2740 0
2745 0
2750 0
2755 0
2760 0
2765 0
2770 0
2775 0
2780 0
2785 0
2790 0
2795 0
2800 0
2805 0
2810 0
2815 0
2820 0
2825 0
2830 0
2835 0
2840 0
2845 0
2850 0
2855 0
2860 0
2865 0
2870 0
2875 0
2880 0
2885 0
2890 0
2895 0
2900 0
2905 0
2910 0
2915 0
2920 0
2925 0
2930 0
2935 0
2940 0
2945 0
2950 0
2955 0
2960 0
2965 0
2970 0
2975 0
2980 0
2985 0
2990 0
2995 0
3000 0
3005 0
3010 0
3015 0
3020 0
3025 0
3030 0
3035 0
3040 0
3045 0
3050 0
3055 0
3060 0
3065 0
3070 0
3075 0
3080 0
3085 0
3090 0
3095 0
3100 0
3105 0
3110 0
3115 0
3120 0
3125 0
3130 0
3135 0
3140 0
3145 0
3150 0
3155 0
3160 0
3165 0
3170 0
3175 0
3180 0
3185 0
3190 0
3195 0
3200 0
3205 0
3210 0
3215 0
3220 0
3225 0
3230 0
3235 0
3240 0
3245 0
3250 0
3255 0
3260 0
3265 0
3270 0
3275 0
3280 0
3285 0
3290 0
3295 0
3300 0
3305 0
3310 0
3315 0
3320 0
3325 0
3330 0
3335 0
3340 0
3345 0
3350 0
3355 0
3360 0
3365 0
3370 0
3375 0
3380 0
3385 0
3390 0
3395 0
3400 0
3405 0
3410 0
3415 0
3420 0
3425 0
3430 0
3435 0
3440 0
3445 0
3450 0
3455 0
3460 0
3465 0
3470 0
3475 0
3480 0
3485 0
3490 0
3495 0
3500 0
3505 0
3510 0
3515 0
3520 0
3525 0
3530 0
3535 0
3540 0
3545 0
3550 0
3555 0
3560 0
3565 0
3570 0
3575 0
3580 0
3585 0
3590 0
3595 0
3600 0
3605 0
3610 0
3615 0
3620 0
3625 0
3630 0
3635 0
3640 0
3645 0
3650 0
3655 0
3660 0
3665 0
3670 0
3675 0
3680 0
3685 0
3690 0
3695 0
3700 0
3705 0
3710 0
3715 0
3720 0
3725 0
3730 0
3735 0
3740 0
3745 0
3750 0
3755 0
3760 0
3765 0
3770 0
3775 0
3780 0
3785 0
3790 0
3795 0
3800 0
3805 0
3810 0
3815 0
3820 0
3825 0
3830 0
3835 0
3840 0
3845 0
3850 0
3855 0
3860 0
3865 0
3870 0
3875 0
3880 0
3885 0
3890 0
3895 0
3900 0
3905 0
3910 0
3915 0
3920 0
3925 0
3930 0
3935 0
3940 0
3945 0
3950 0
3955 0
3960 0
3965 0
3970 0
3975 0
3980 0
3985 0
3990 0
3995 0
