0 0.0198066
5 0.0055348
10 -0.0063298
15 -0.0008558
20 0.0036962
25 -0.0029192
30 -0.0040522
35 0.0016988
40 0.0008656
45 -0.003056
50 -0.0004312
55 0.0030584
60 0.0007284
65 -0.000163
70 0.0020538
75 0.0010748
80 -0.0010548
85 0.0007766
90 0.0018852
95 -0.0011918
100 -0.0022548
105 0.0003046
110 0.000209
115 -0.0022726
120 -0.0008714
125 0.0023448
130 0.001669
135 -0.0006296
140 6.4e-05
145 0.0012378
150 0.0002436
155 -0.0008428
160 -0.0002448
165 -3.96e-05
170 -0.0003846
175 -0.0002966
180 -7.76e-05
185 -0.0003864
190 -0.0002786
195 0.0004962
200 0.0006432
205 0.000211
210 0.0001786
215 0.0003384
220 -5.92e-05
225 -0.0003778
230 -0.0001866
235 0.0001058
240 -0.0002036
245 -0.0006762
250 -0.0004998
255 0.0001614
260 0.0005782
265 0.0002334
270 -4.96e-05
275 3.66e-05
280 0.0001656
285 -0.0001408
290 -0.0002726
295 -0.000159
300 5.6e-06
305 -0.0002166
310 -0.0003604
315 -7.64e-05
320 0.0002012
325 8.6e-05
330 -0.0001868
335 -6e-07
340 0.000353
345 0.0003262
350 -8.8e-06
355 -0.0001066
360 -2.74e-05
365 -0.000207
370 -0.0003358
375 -0.0001996
380 -0.000102
385 -0.0002046
390 -0.0001398
395 0.0001786
400 0.0003862
405 0.0001468
410 -0.000122
415 -0.0001904
420 -0.0001248
425 -0.0001
430 -5.98e-05
435 3.36e-05
440 2.42e-05
445 -0.0001258
450 -0.0001482
455 -4.26e-05
460 -8e-07
465 -2e-07
470 0.0001226
475 0.0001576
480 5.04e-05
485 -0.0001512
490 -0.000105
495 -0.00014
500 -0.0001338
505 -1.3e-05
510 -8.04e-05
515 -0.0002192
520 -9.6e-05
525 0.000147
530 0.0001004
535 -8.68e-05
540 -2.88e-05
545 5.6e-06
550 -0.000176
555 -0.0002
560 0.0001372
565 0.0001486
570 -0.0002058
575 -0.000251
580 5.02e-05
585 0.0001436
590 -0.0001148
595 -7.24e-05
600 0.0002192
605 0.0002382
610 2.6e-06
615 4.2e-06
620 -5.9e-05
625 -0.000198
630 -8.64e-05
635 9.32e-05
640 1.6e-05
645 -0.000178
650 4.46e-05
655 0.0001778
660 -2.9e-05
665 -8.26e-05
670 0.000176
675 0.0001252
680 -0.0001576
685 -0.0001392
690 7.12e-05
695 -3.1e-05
700 -0.0002122
705 -0.0001022
710 -1.28e-05
715 -8.94e-05
720 2.14e-05
725 0.0001496
730 1.38e-05
735 -1.82e-05
740 0.0001436
745 1.46e-05
750 -0.0002416
755 -9.38e-05
760 0.0001834
765 1.06e-05
770 -0.0001964
775 -0.0001048
780 -2.06e-05
785 -7.68e-05
790 6.8e-05
795 0.0002066
800 1.06e-05
805 -4.46e-05
810 0.0001888
815 0.00019
820 -0.0001208
825 -9.82e-05
830 9.54e-05
835 -7.06e-05
840 -0.0001972
845 -3.76e-05
850 3.92e-05
855 -8.16e-05
860 -3.8e-05
865 8.76e-05
870 -1.04e-05
875 -8.44e-05
880 6.08e-05
885 8.06e-05
890 -3.5e-05
895 9e-06
900 9.62e-05
905 -8.78e-05
910 -0.000202
915 1.78e-05
920 0.0001642
925 -2.86e-05
930 -8.44e-05
935 0.0001222
940 0.000107
945 -0.0001322
950 -5.34e-05
955 0.0001196
960 -1.28e-05
965 -8.92e-05
970 0.0001234
975 7.46e-05
980 -0.0001414
985 -4.4e-06
990 0.0001566
995 -1.64e-05
1000 -0.0001498
1005 4.88e-05
1010 6.52e-05
1015 -0.0001272
1020 -3.8e-05
1025 0.0001902
1030 3.56e-05
1035 -0.0002112
1040 -4.64e-05
1045 0.000145
1050 3.98e-05
1055 -7.24e-05
1060 3.52e-05
1065 2.64e-05
1070 -9.48e-05
1075 -5.78e-05
1080 5.78e-05
1085 8e-06
1090 -5.12e-05
1095 -2.82e-05
1100 -7e-06
1105 -3.28e-05
1110 -6e-07
1115 5.24e-05
1120 5.28e-05
1125 -4.6e-06
1130 -2.08e-05
1135 -8.8e-06
1140 -2.8e-06
1145 -6e-06
1150 9e-06
1155 9.2e-06
1160 -1.5e-05
1165 -2.02e-05
1170 1.08e-05
1175 6.02e-05
1180 4.48e-05
1185 -3.8e-06
1190 -2e-06
1195 2.6e-05
1200 2.48e-05
1205 -5.8e-06
1210 -3.44e-05
1215 -1.56e-05
1220 -1.02e-05
1225 -1.18e-05
1230 1.38e-05
1235 2.1e-05
1240 -1.66e-05
1245 -1.66e-05
1250 1.92e-05
1255 2.86e-05
1260 2.2e-06
1265 4.4e-06
1270 2.6e-06
1275 -2.16e-05
1280 -4.24e-05
1285 -9.8e-06
1290 1.56e-05
1295 -8.6e-06
1300 -2.22e-05
1305 -1.14e-05
1310 6e-06
1315 -2e-07
1320 1.68e-05
1325 3.14e-05
1330 4e-07
1335 -3.72e-05
1340 -1.48e-05
1345 2.56e-05
1350 -2e-06
1355 -2.58e-05
1360 -1.64e-05
1365 1.4e-06
1370 1.6e-06
1375 -2e-07
1380 8e-06
1385 2.2e-06
1390 -3.2e-06
1395 5e-06
1400 9.8e-06
1405 0
1410 -1.72e-05
1415 -1.98e-05
1420 -1.52e-05
1425 -1.6e-05
1430 -7.8e-06
1435 8e-06
1440 1.4e-05
1445 1e-06
1450 -8.2e-06
1455 7.8e-06
1460 2.4e-05
1465 1.02e-05
1470 -9.6e-06
1475 -9e-06
1480 -1.26e-05
1485 -2.1e-05
1490 -8.4e-06
1495 8.4e-06
1500 1.4e-06
1505 -1.86e-05
1510 -1.88e-05
1515 1e-06
1520 1.24e-05
1525 3.2e-06
1530 6e-07
1535 1.1e-05
1540 1.14e-05
1545 -1.2e-06
1550 -6.4e-06
1555 -6.2e-06
1560 -9.8e-06
1565 -8.6e-06
1570 0
1575 3.4e-06
1580 -2.2e-06
1585 -1.2e-06
1590 1.1e-05
1595 8.8e-06
1600 -4e-07
1605 -2.8e-06
1610 -4.6e-06
1615 -7.6e-06
1620 -5.6e-06
1625 5.8e-06
1630 6.2e-06
1635 -3.6e-06
1640 -7.6e-06
1645 -4.4e-06
1650 -2.8e-06
1655 1.8e-06
1660 7.4e-06
1665 4.4e-06
1670 -1.6e-06
1675 -2e-07
1680 4.6e-06
1685 6e-07
1690 -3.6e-06
1695 -1.2e-06
1700 -1.27055e-22
1705 -6.6e-06
1710 -8.6e-06
1715 -1.2e-06
1720 3.4e-06
1725 1.4e-06
1730 2.6e-06
1735 2.6e-06
1740 -3.4e-06
1745 -2e-06
1750 2e-06
1755 1.4e-06
1760 -2e-06
1765 -1.2e-06
1770 4e-07
1775 -1.4e-06
1780 -1.4e-06
1785 -2e-07
1790 -1.6e-06
1795 -3.4e-06
1800 -4e-07
1805 1.6e-06
1810 -2e-07
1815 -6e-07
1820 6e-07
1825 8e-07
1830 1e-06
1835 1.2e-06
1840 -1e-06
1845 -2.2e-06
1850 6e-07
1855 4e-07
1860 -2e-06
1865 -1e-06
1870 1.4e-06
1875 2e-07
1880 -1e-06
1885 2e-07
1890 1.8e-06
1895 -2e-07
1900 -1.6e-06
1905 -6e-07
1910 -4e-07
1915 -4e-07
1920 -8e-07
1925 1.69407e-22
1930 4e-07
1935 1.8e-06
1940 1.4e-06
1945 -8e-07
1950 -8e-07
1955 1e-06
1960 4e-07
1965 -1.6e-06
1970 -8e-07
1975 1e-06
1980 -4e-07
1985 -1e-06
1990 1e-06
1995 1.4e-06
2000 -2e-07
2005 0
2010 1.6e-06
2015 4e-07
2020 -1.6e-06
2025 -1.4e-06
2030 -4.23516e-23
2035 4e-07
2040 -4e-07
2045 -2e-07
2050 -1e-06
2055 -2e-07
2060 6e-07
2065 6e-07
2070 -2e-07
2075 0
2080 0
2085 -6e-07
2090 -8e-07
2095 0
2100 0
2105 -8e-07
2110 -4e-07
2115 2e-07
2120 0
2125 -2e-07
2130 2e-07
2135 8e-07
2140 2e-07
2145 -4e-07
2150 -4e-07
2155 -4e-07
2160 0
2165 4e-07
2170 2e-07
2175 0
2180 -2e-07
2185 -2e-07
2190 -4e-07
2195 -2e-07
2200 2e-07
2205 4e-07
2210 2e-07
2215 -2e-07
2220 2e-07
2225 0
2230 -2e-07
2235 -2e-07
2240 -2e-07
2245 4e-07
2250 -2e-07
2255 0
2260 0
2265 0
2270 -4e-07
2275 0
2280 2e-07
2285 0
2290 0
2295 0
2300 0
2305 -2e-07
2310 -2e-07
2315 0
2320 0
2325 0
2330 2e-07
2335 0
2340 0
2345 0
2350 0
2355 0
2360 0
2365 0
2370 0
2375 0
2380 0
2385 0
2390 0
2395 0
2400 0
2405 0
2410 0
2415 0
2420 0
2425 0
2430 0
2435 0
2440 0
2445 0
2450 0
2455 0
2460 0
2465 0
2470 0
2475 0
2480 0
2485 0
2490 0
2495 0
2500 0
2505 0
2510 0
2515 0
2520 0
2525 0
2530 0
2535 0
2540 0
2545 0
2550 0
2555 0
2560 0
2565 0
2570 0
2575 0
2580 0
2585 0
2590 0
2595 0
2600 0
2605 0
2610 0
2615 0
2620 0
2625 0
2630 0
2635 0
2640 0
2645 0
2650 0
2655 0
2660 0
2665 0
2670 0
2675 0
2680 0
2685 0
2690 0
2695 0
2700 0
2705 0
2710 0
2715 0
2720 0
2725 0
2730 0
2735 0
2740 0
2745 0
2750 0
2755 0
2760 0
2765 0
2770 0
2775 0
2780 0
2785 0
2790 0
2795 0
2800 0
2805 0
2810 0
2815 0
2820 0
2825 0
2830 0
2835 0
2840 0
2845 0
2850 0
2855 0
2860 0
2865 0
2870 0
2875 0
2880 0
2885 0
2890 0
2895 0
2900 0
2905 0
2910 0
2915 0
2920 0
2925 0
2930 0
2935 0
2940 0
2945 0
2950 0
2955 0
2960 0
2965 0
2970 0
2975 0
2980 0
2985 0
2990 0
2995 0
3000 0
3005 0
3010 0
3015 0
3020 0
3025 0
3030 0
3035 0
3040 0
3045 0
3050 0
3055 0
3060 0
3065 0
3070 0
3075 0
3080 0
3085 0
3090 0
3095 0
3100 0
3105 0
3110 0
3115 0
3120 0
3125 0
3130 0
3135 0
3140 0
3145 0
3150 0
3155 0
3160 0
3165 0
3170 0
3175 0
3180 0
3185 0
3190 0
3195 0
3200 0
3205 0
3210 0
3215 0
3220 0
3225 0
3230 0
3235 0
3240 0
3245 0
3250 0
3255 0
3260 0
3265 0
3270 0
3275 0
3280 0
3285 0
3290 0
3295 0
3300 0
3305 0
3310 0
3315 0
3320 0
3325 0
3330 0
3335 0
3340 0
3345 0
3350 0
3355 0
3360 0
3365 0
3370 0
3375 0
3380 0
3385 0
3390 0
3395 0
3400 0
3405 0
3410 0
3415 0
3420 0
3425 0
3430 0
3435 0
3440 0
3445 0
3450 0
3455 0
3460 0
3465 0
3470 0
3475 0
3480 0
3485 0
3490 0
3495 0
3500 0
3505 0
3510 0
3515 0
3520 0
3525 0
3530 0
3535 0
3540 0
3545 0
3550 0
3555 0
3560 0
3565 0
3570 0
3575 0
3580 0
3585 0
3590 0
3595 0
3600 0
3605 0
3610 0
3615 0
3620 0
3625 0
3630 0
3635 0
3640 0
3645 0
3650 0
3655 0
3660 0
3665 0
3670 0
3675 0
3680 0
3685 0
3690 0
3695 0
3700 0
3705 0
3710 0
3715 0
3720 0
3725 0
3730 0
3735 0
3740 0
3745 0
3750 0
3755 0
3760 0
3765 0
3770 0
3775 0
3780 0
3785 0
3790 0
3795 0
3800 0
3805 0
3810 0
3815 0
3820 0
3825 0
3830 0
3835 0
3840 0
3845 0
3850 0
3855 0
3860 0
3865 0
3870 0
3875 0
3880 0
3885 0
3890 0
3895 0
3900 0
3905 0
3910 0
3915 0
3920 0
3925 0
3930 0
3935 0
3940 0
3945 0
3950 0
3955 0
3960 0
3965 0
3970 0
3975 0
3980 0
3985 0
3990 0
3995 0
