0.00000 0.00000
2.65448 0.75198
5.30896 1.65571
7.96344 2.79810
10.61792 4.17382
13.27240 5.70611
15.92688 7.29580
18.58136 8.86650
21.23584 10.38594
23.89032 11.86354
26.54480 13.33396
29.19928 14.83435
31.85376 16.37840
34.50824 17.93500
37.16272 19.42661
39.81720 20.75910
42.47168 21.87549
45.12616 22.80277
47.78064 23.65640
50.43512 24.59038
53.08960 25.71696
55.74408 27.04314
58.39856 28.46208
61.05304 29.80413
63.70752 30.91800
66.36200 31.73910
69.01648 32.31264
71.67096 32.76353
74.32544 33.22854
76.97992 33.78203
79.63440 34.39087
82.28888 34.92575
84.94336 35.23163
87.59784 35.22727
90.25232 34.98053
92.90680 34.71187
95.56128 34.71565
98.21576 35.23733
100.87024 36.37045
103.52472 38.02244
106.17920 39.95519
108.83368 41.86665
111.48816 43.47293
114.14264 44.57132
116.79712 45.08771
119.45160 45.11161
122.10608 44.90143
124.76056 44.83042
127.41504 45.26541
130.06952 46.41908
132.72400 48.25280
135.37848 50.49329
138.03296 52.76011
140.68744 54.72924
143.34192 56.23525
145.99640 57.26238
148.65088 57.85810
151.30536 58.05573
153.95984 57.87471
156.61432 57.39432
159.26880 56.83018
161.92328 56.53636
164.57776 56.91280
167.23224 58.27044
169.88672 60.73584
172.54120 64.24481
175.19568 68.61037
177.85016 73.60572
180.50464 79.00778
183.15912 84.58775
185.81360 90.07477
188.46808 95.13020
191.12256 99.35501
193.77704 102.33303
196.43152 103.70344
199.08600 103.25395
201.74048 101.01676
204.39496 97.33175
207.04944 92.83129
209.70392 88.31966
212.35840 84.56959
215.01288 82.11153
217.66736 81.10944
220.32184 81.38128
222.97632 82.55074
225.63080 84.25265
228.28527 86.29615
230.93975 88.72187
233.59423 91.74472
236.24871 95.61744
238.90319 100.46762
241.55767 106.15943
244.21215 112.22758
246.86663 117.92346
249.52111 122.38781
252.17559 124.91142
254.83007 125.18656
257.48455 123.42911
260.13903 120.29767
262.79351 116.63650
265.44799 113.16507
268.10247 110.26452
270.75695 107.95123
273.41143 106.02179
276.06591 104.27085
278.72039 102.66830
281.37487 101.42546
284.02935 100.94093
286.68383 101.65984
289.33831 103.90101
291.99279 107.71506
294.64727 112.83372
297.30175 118.74140
299.95623 124.84252
302.61071 130.63863
305.26519 135.81708
307.91967 140.20894
310.57415 143.66550
313.22863 145.96068
315.88311 146.80438
318.53759 145.96769
321.19207 143.44227
323.84655 139.53895
326.50103 134.87393
329.15551 130.24795
331.80999 126.45675
334.46447 124.08216
337.11895 123.32720
339.77343 123.97362
342.42791 125.51926
345.08239 127.46658
347.73687 129.61852
350.39135 132.18926
353.04583 135.62645
355.70031 140.23387
358.35479 145.84062
361.00927 151.75168
363.66375 157.02773
366.31823 160.91561
368.97271 163.15798
371.62719 164.01665
374.28167 164.05362
376.93615 163.86049
379.59063 163.91247
382.24511 164.58678
384.89959 166.25365
387.55407 169.31570
390.20855 174.13719
392.86303 180.89788
395.51751 189.46038
398.17199 199.34016
400.82647 209.82664
403.48095 220.23990
406.13543 230.22862
408.78991 239.95578
411.44439 250.03221
414.09887 261.17429
416.75335 273.73368
419.40783 287.35628
422.06231 300.97870
424.71679 313.17848
427.37127 322.69277
430.02575 328.85418
432.68023 331.79454
435.33471 332.43164
437.98919 332.33347
440.64367 333.50264
443.29815 338.03097
445.95263 347.57976
448.60711 362.78261
451.26159 382.83631
453.91607 405.56709
456.57055 428.06102
459.22503 447.63031
461.87951 462.66819
464.53399 472.98717
467.18847 479.52640
469.84295 483.66861
472.49743 486.59918
475.15191 489.05317
477.80639 491.49597
480.46087 494.47301
483.11535 498.74798
485.76983 505.00971
488.42431 513.26643
491.07879 522.33775
493.73327 529.88738
496.38775 533.15610
499.04223 530.11107
501.69671 520.41009
504.35119 505.61853
507.00567 488.52055
509.66015 471.89453
512.31463 457.43349
514.96911 445.37920
517.62359 434.97901
520.27807 425.37604
522.93255 416.33501
525.58703 408.40112
528.24151 402.51858
530.89599 399.47954
533.55047 399.60415
536.20495 402.79292
538.85943 408.78004
541.51391 417.30531
544.16839 428.07706
546.82287 440.65484
549.47735 454.49115
552.13183 469.22039
554.78631 484.99373
557.44079 502.49254
560.09527 522.39814
562.74975 544.49143
565.40423 566.92576
568.05871 586.26672
570.71319 598.53205
573.36767 600.88456
576.02215 593.17754
578.67663 578.51103
581.33111 562.37879
583.98559 550.66739
586.64007 547.36581
589.29455 553.04815
591.94903 564.87468
594.60351 578.14457
597.25799 588.66795
599.91247 594.80700
602.56695 598.21044
605.22143 602.95304
607.87591 613.60489
610.53039 633.23130
613.18487 662.22354
615.83935 698.32033
618.49383 737.58791
621.14831 775.81406
623.80279 809.79177
626.45727 838.13106
629.11175 861.36602
631.76623 881.23836
634.42071 899.29814
637.07519 915.39237
639.72967 926.94765
642.38415 929.79230
645.03863 920.46902
647.69311 898.95000
650.34759 870.11741
653.00207 842.84193
655.65655 826.81793
658.31103 828.67049
660.96551 849.32336
663.61999 883.88613
666.27447 923.89744
668.92895 960.59800
671.58343 987.68063
674.23791 1002.62840
676.89239 1006.67774
679.54686 1003.97028
682.20134 1000.39229
684.85582 1002.25547
687.51030 1014.80106
690.16478 1040.68140
692.81926 1078.87052
695.47374 1124.51826
698.12822 1169.94413
700.78270 1206.46357
703.43718 1226.41165
706.09166 1224.78552
708.74614 1200.25685
711.40062 1155.59491
714.05510 1097.56088
716.70958 1036.14669
719.36406 982.93537
722.01854 948.61461
724.67302 940.23009
727.32750 959.23843
729.98198 1001.36090
732.63646 1058.50560
735.29094 1121.96703
737.94542 1185.38211
740.59990 1246.03683
743.25438 1304.05946
745.90886 1360.22816
748.56334 1413.81500
751.21782 1461.68366
753.87230 1498.97111
756.52678 1520.75574
759.18126 1523.72752
761.83574 1507.14468
764.49022 1472.93286
767.14470 1425.17934
769.79918 1369.29742
772.45366 1310.96282
775.10814 1254.87392
777.76262 1203.57941
780.41710 1156.85162
783.07158 1112.04765
785.72606 1065.48359
788.38054 1014.28445
791.03502 957.86405
793.68950 898.37416
796.34398 840.02034
798.99846 787.69958
801.65294 745.63768
804.30742 716.52979
806.96190 701.31359
809.61638 699.39482
812.27086 709.03398
814.92534 727.66350
817.57982 752.04298
820.23430 778.30912
822.88878 802.09807
825.54326 818.95516
828.19774 825.13035
830.85222 818.59325
833.50670 799.83570
836.16118 771.98411
838.81566 740.02569
841.47014 709.42093
844.12462 684.70078
846.77910 668.58246
849.43358 661.73533
852.08806 662.92929
854.74254 669.23543
857.39702 676.24926
860.05150 678.64606
862.70598 671.36626
865.36046 651.28212
868.01494 618.64693
870.66942 577.46650
873.32390 534.38729
875.97838 496.51139
878.63286 469.16867
881.28734 454.67021
883.94182 452.45205
886.59630 460.22916
889.25078 475.32500
891.90526 495.45031
894.55974 518.71431
897.21422 543.18512
899.86870 566.55463
902.52318 586.32063
905.17766 600.51034
907.83214 608.57282
910.48662 611.88067
913.14110 613.41506
915.79558 616.62099
918.45006 623.91279
921.10454 635.59642
923.75902 649.84173
926.41350 663.79979
929.06798 675.30636
931.72246 684.24411
934.37694 692.80637
937.03142 704.52658
939.68590 722.62992
942.34038 748.60183
944.99486 781.67119
947.64934 819.34087
950.30382 858.54327
952.95830 896.77388
955.61278 932.72382
958.26726 966.29699
960.92174 998.19092
963.57622 1029.30010
966.23070 1060.12966
968.88518 1090.34660
971.53966 1118.62897
974.19414 1143.01381
976.84862 1161.82432
979.50310 1174.91980
982.15758 1184.64183
984.81206 1195.75624
987.46654 1214.11395
990.12102 1244.51399
992.77550 1288.85675
995.42998 1345.63984
998.08446 1411.09097
1000.73894 1481.20366
1003.39342 1553.34404
1006.04790 1626.37267
1008.70238 1699.21499
1011.35686 1768.86434
1014.01134 1829.22335
1016.66582 1871.73699
1019.32030 1887.76013
1021.97478 1871.65539
1024.62926 1823.23470
1027.28374 1748.46894
1029.93822 1658.16292
1032.59270 1565.13691
1035.24718 1481.01302
1037.90166 1413.76636
1040.55614 1366.76333
1043.21062 1339.29121
1045.86510 1327.95880
1048.51958 1328.15498
1051.17406 1335.05957
1053.82854 1344.22778
1056.48302 1352.07683
1059.13750 1356.45424
1061.79198 1357.04606
1064.44646 1355.15257
1067.10094 1352.63856
1069.75542 1350.50186
1072.40990 1347.95738
1075.06438 1342.73752
1077.71886 1332.51201
1080.37334 1316.50698
1083.02782 1296.20446
1085.68230 1274.60885
1088.33678 1254.53217
1090.99126 1236.96409
1093.64574 1220.45281
1096.30022 1201.71516
1098.95470 1176.99320
1101.60918 1143.44203
1104.26366 1100.08627
1106.91814 1048.26620
1109.57262 991.65910
1112.22710 935.86777
1114.88158 887.46549
1117.53606 852.52074
1120.19054 834.97232
1122.84502 835.49886
1125.49950 851.43350
1128.15398 877.79478
1130.80846 908.92678
1133.46293 939.95396
1136.11741 967.44542
1138.77189 989.20968
1141.42637 1003.64809
1144.08085 1009.27191
1146.73533 1004.76704
1149.38981 989.55931
1152.04429 964.48146
1154.69877 932.06939
1157.35325 896.22869
1160.00773 861.35748
1162.66221 831.28271
1165.31669 808.42621
1167.97117 793.45914
1170.62565 785.44640
1173.28013 782.29487
1175.93461 781.30755
1178.58909 779.77950
1181.24357 775.69392
1183.89805 768.52403
1186.55253 759.90589
1189.20701 753.71660
1191.86149 755.15169
1194.51597 768.86257
1197.17045 796.86834
1199.82493 837.32734
1202.47941 884.96637
1205.13389 933.07774
1207.78837 976.04565
1210.44285 1011.02195
1213.09733 1037.93014
1215.75181 1058.08525
1218.40629 1072.60744
1221.06077 1081.84562
1223.71525 1086.19431
1226.36973 1087.59134
1229.02421 1090.40946
1231.67869 1100.79951
1234.33317 1124.54853
1236.98765 1164.49611
1239.64213 1218.87966
1242.29661 1281.49499
1244.95109 1343.61721
1247.60557 1396.80836
1250.26005 1435.45891
1252.91453 1458.20613
1255.56901 1467.94947
1258.22349 1470.67663
1260.87797 1473.53690
1263.53245 1482.62154
1266.18693 1500.92650
1268.84141 1527.06025
1271.49589 1555.28106
1274.15037 1577.16371
1276.80485 1584.54908
1279.45933 1572.71404
1282.11381 1542.41377
1284.76829 1499.90397
1287.42277 1455.03953
1290.07725 1418.43168
1292.73173 1398.84012
1295.38621 1401.43814
1298.04069 1426.86725
1300.69517 1470.74726
1303.34965 1523.68578
1306.00413 1572.34124
1308.65861 1602.04804
1311.31309 1600.71474
1313.96757 1562.69190
1316.62205 1490.91843
1319.27653 1396.29629
1321.93101 1294.52124
1324.58549 1201.66301
1327.23997 1130.05153
1329.89445 1085.57095
1332.54893 1066.82189
1335.20341 1066.18217
1337.85789 1072.52243
1340.51237 1074.94145
1343.16685 1066.37018
1345.82133 1045.66628
1348.47581 1017.31822
1351.13029 989.01504
1353.78477 968.41361
1356.43925 960.67145
1359.09373 967.55476
1361.74821 987.81854
1364.40269 1017.97228
1367.05717 1052.84469
1369.71165 1086.08765
1372.36613 1111.12568
1375.02061 1122.70463
1377.67509 1118.50310
1380.32957 1099.95442
1382.98405 1071.82204
1385.63853 1040.82555
1388.29301 1014.05869
1390.94749 997.74199
1393.60197 996.30777
1396.25645 1011.52308
1398.91093 1041.60613
1401.56541 1080.79598
1404.21989 1120.02200
1406.87437 1148.90367
1409.52885 1158.56043
1412.18333 1144.19008
1414.83781 1106.44465
1417.49229 1051.17647
1420.14677 987.73823
1422.80125 926.39175
1425.45573 875.51068
1428.11021 839.30853
1430.76469 816.81609
1433.41917 802.60375
1436.07365 789.15718
1438.72813 770.03473
1441.38261 742.43019
1444.03709 707.96044
1446.69157 671.38959
1449.34605 638.07920
1452.00053 611.55001
1454.65501 592.31300
1457.30949 578.29330
1459.96397 566.30941
1462.61845 553.68040
1465.27293 539.22023
1467.92741 523.36991
1470.58189 507.65562
1473.23637 493.85675
1475.89085 483.25559
1478.54533 476.23388
1481.19981 472.33704
1483.85429 470.73754
1486.50877 470.82595
1489.16325 472.55764
1491.81773 476.30602
1494.47221 482.29717
1497.12669 490.02539
1499.78117 498.12161
1502.43565 504.87786
1505.09013 509.19023
1507.74461 511.37845
1510.39909 513.38548
1513.05357 518.20662
1515.70805 528.79759
1518.36253 546.91939
1521.01701 572.33394
1523.67149 602.58161
1526.32597 633.39739
1528.98045 659.69453
1531.63493 676.90742
1534.28941 682.31086
1536.94389 675.81370
1539.59837 659.82368
1542.25285 638.16099
1544.90733 614.50073
1547.56181 591.13240
1550.21629 568.68227
1552.87077 546.88139
1555.52525 525.81601
1558.17973 506.79995
1560.83421 492.27962
1563.48869 484.84964
1566.14317 486.06031
1568.79765 495.81481
1571.45213 512.70881
1574.10661 534.99833
1576.76109 561.49167
1579.41557 591.81900
1582.07005 626.06851
1584.72453 664.22548
1587.37900 705.85012
1590.03348 750.04614
1592.68796 795.43183
1595.34244 839.90949
1597.99692 880.48165
1600.65140 913.69307
1603.30588 937.01675
1605.96036 950.70089
1608.61484 958.88784
1611.26932 968.92029
1613.92380 988.78642
1616.57828 1023.94436
1619.23276 1075.31021
1621.88724 1139.50762
1624.54172 1211.02230
1627.19620 1284.75165
1629.85068 1357.40749
1632.50516 1427.25129
1635.15964 1492.87319
1637.81412 1552.26303
1640.46860 1602.99748
1643.12308 1643.44158
1645.77756 1674.14809
1648.43204 1698.52591
1651.08652 1722.24277
1653.74100 1751.40048
1656.39548 1790.03060
1659.04996 1837.81705
1661.70444 1889.06638
1664.35892 1933.65154
1667.01340 1959.88598
1669.66788 1958.31700
1672.32236 1924.83680
1674.97684 1861.76973
1677.63132 1776.63727
1680.28580 1679.47570
1682.94028 1580.11943
1685.59476 1486.48402
1688.24924 1403.99225
1690.90372 1335.60593
1693.55820 1281.89213
1696.21268 1241.01110
1698.86716 1208.94767
1701.52164 1180.32897
1704.17612 1149.81284
1706.83060 1113.63223
1709.48508 1070.73706
1712.13956 1023.12300
1714.79404 975.22438
1717.44852 932.53376
1720.10300 899.84842
1722.75748 879.71016
1725.41196 871.60534
1728.06644 872.23643
1730.72092 876.72618
1733.37540 880.22203
1736.02988 879.28909
1738.68436 872.73173
1741.33884 861.80858
1743.99332 849.92168
1746.64780 841.75779
1749.30228 841.82156
1751.95676 852.58540
1754.61124 872.97303
1757.26572 898.11841
1759.92020 920.88882
1762.57468 934.65938
1765.22916 935.95740
1767.88364 925.57436
1770.53812 907.68320
1773.19260 887.73875
1775.84708 870.55563
1778.50156 859.52163
1781.15604 856.83910
1783.81052 863.90104
1786.46500 881.01955
1789.11948 906.55721
1791.77396 936.29237
1794.42844 963.89254
1797.08292 982.65037
1799.73740 987.75715
1802.39188 978.02592
1805.04636 956.33183
1807.70084 928.74424
1810.35532 902.84856
1813.00980 885.84507
1815.66428 882.83083
1818.31876 895.52511
1820.97324 921.70570
1823.62772 955.62855
1826.28220 989.50464
1828.93668 1015.70642
1831.59116 1029.00532
1834.24564 1028.06015
1836.90012 1015.64321
1839.55460 997.54611
1842.20908 980.53470
1844.86356 970.00278
1847.51804 968.08906
1850.17252 972.94706
1852.82700 979.52589
1855.48148 981.63348
1858.13596 974.41938
1860.79044 956.10800
1863.44492 928.12765
1866.09940 893.64373
1868.75388 855.43683
1871.40836 814.46864
1874.06284 770.05128
1876.71732 721.51184
1879.37180 670.25507
1882.02628 620.79699
1884.68076 579.89466
1887.33524 554.01682
1889.98972 546.43053
1892.64420 555.49636
1895.29868 575.15409
1897.95316 597.37390
1900.60764 615.25884
1903.26212 625.18458
1905.91660 627.03890
1908.57108 622.82135
1911.22556 614.77534
1913.88004 604.26118
1916.53452 591.80367
1919.18900 577.81817
1921.84348 563.14677
1924.49796 548.91866
1927.15244 535.94893
1929.80692 524.26572
1932.46140 513.14076
1935.11588 501.49314
1937.77036 488.26731
1940.42484 472.57351
1943.07932 453.74681
1945.73380 431.58886
1948.38828 406.77273
1951.04276 381.03979
1953.69724 356.82241
1956.35172 336.35387
1959.00620 320.78755
1961.66068 309.88817
1964.31516 302.42048
1966.96964 296.85069
1969.62412 291.85203
1972.27860 286.42960
1974.93308 279.87579
1977.58756 271.83117
1980.24204 262.43973
1982.89652 252.32012
1985.55100 242.16397
1988.20548 232.15698
1990.85996 221.69280
1993.51444 209.69522
1996.16892 195.38785
1998.82340 178.98503
2001.47788 161.85002
2004.13236 146.08206
2006.78684 133.85911
2009.44132 126.88885
2012.09580 126.08307
2014.75028 131.38020
2017.40476 141.67974
2020.05924 154.99872
2022.71372 168.96104
2025.36820 181.51177
2028.02268 191.51664
2030.67716 198.91996
2033.33164 204.41674
2035.98612 208.90007
2038.64059 213.01397
2041.29507 216.96006
2043.94955 220.49390
2046.60403 223.00193
2049.25851 223.64708
2051.91299 221.62367
2054.56747 216.46797
2057.22195 208.24380
2059.87643 197.45161
2062.53091 184.72286
2065.18539 170.55957
2067.83987 155.34585
2070.49435 139.60425
2073.14883 124.24069
2075.80331 110.54104
2078.45779 99.91468
2081.11227 93.57427
2083.76675 92.30774
2086.42123 96.32190
2089.07571 105.06523
2091.73019 117.08193
2094.38467 130.13349
2097.03915 141.76646
2099.69363 150.16147
2102.34811 154.76825
2105.00259 156.28024
2107.65707 155.96651
2110.31155 154.87323
2112.96603 153.47004
2115.62051 151.87382
2118.27499 150.24305
2120.92947 148.81700
2123.58395 147.49507
2126.23843 145.40371
2128.89291 141.03075
2131.54739 133.05636
2134.20187 121.36473
2136.85635 107.46768
2139.51083 93.95450
2142.16531 83.29178
2144.81979 76.75243
2147.47427 74.11350
2150.12875 74.18379
2152.78323 75.68254
2155.43771 77.86569
2158.09219 80.59511
2160.74667 83.97132
2163.40115 87.89117
2166.05563 91.84438
2168.71011 95.04210
2171.36459 96.76063
2174.01907 96.69288
2176.67355 95.13545
2179.32803 92.94351
2181.98251 91.29722
2184.63699 91.39130
2187.29147 94.15726
2189.94595 100.06702
2192.60043 109.00043
2195.25491 120.14817
2197.90939 131.97864
2200.56387 142.36691
2203.21835 148.98090
2205.87283 149.90661
2208.52731 144.32597
2211.18179 132.95162
2213.83627 117.96773
2216.49075 102.42459
2219.14523 89.28942
2221.79971 80.52798
2224.45419 76.58499
2227.10867 76.44788
2229.76315 78.21738
2232.41763 79.90537
2235.07211 80.12808
2237.72659 78.46226
2240.38107 75.40041
2243.03555 71.98795
2245.69003 69.30495
2248.34451 67.98183
2250.99899 67.93020
2253.65347 68.41265
2256.30795 68.44302
2258.96243 67.32930
2261.61691 65.05603
2264.27139 62.26477
2266.92587 59.83450
2269.58035 58.32996
2272.23483 57.67274
2274.88931 57.21887
2277.54379 56.13681
2280.19827 53.80773
2282.85275 50.03914
2285.50723 45.09273
2288.16171 39.65505
2290.81619 34.81059
2293.47067 31.91665
2296.12515 32.24308
2298.77963 36.42012
2301.43411 43.98469
2304.08859 53.37663
2306.74307 62.50064
2309.39755 69.59576
2312.05203 73.93691
2314.70651 76.00023
2317.36099 77.05922
2320.01547 78.48244
2322.66995 81.08973
2325.32443 84.80923
2327.97891 88.70852
2330.63339 91.35947
2333.28787 91.42687
2335.94235 88.29321
2338.59683 82.46477
2341.25131 75.53825
2343.90579 69.69398
2346.56027 66.93244
2349.21475 68.40948
2351.86923 74.14501
2354.52371 83.14918
2357.17819 93.80960
2359.83267 104.33989
2362.48715 113.17039
2365.14163 119.23875
2367.79611 122.13997
2370.45059 122.07645
2373.10507 119.60506
2375.75955 115.31136
2378.41403 109.62863
2381.06851 102.93660
2383.72299 95.84777
2386.37747 89.39825
2389.03195 84.88677
2391.68643 83.35538
2394.34091 84.98934
2396.99539 88.80888
2399.64987 92.86386
2402.30435 94.85806
2404.95883 92.92572
2407.61331 86.26384
2410.26779 75.43592
2412.92227 62.28854
2415.57675 49.50233
2418.23123 39.86359
2420.88571 35.43656
2423.54019 36.90840
2426.19467 43.37630
2428.84915 52.68880
2431.50363 62.20276
2434.15811 69.62766
2436.81259 73.62526
2439.46707 74.00638
2442.12155 71.57749
2444.77603 67.79324
2447.43051 64.33434
2450.08499 62.64855
2452.73947 63.48605
2455.39395 66.54729
2458.04843 70.43904
2460.70291 73.07583
2463.35739 72.45305
2466.01187 67.48341
2468.66635 58.50901
2471.32083 47.25027
2473.97531 36.23720
2476.62979 28.00025
2479.28427 24.35055
2481.93875 25.96965
2484.59323 32.37313
2487.24771 42.20186
2489.90219 53.73024
2492.55666 65.42046
2495.21114 76.30090
2497.86562 85.98321
2500.52010 94.30868
2503.17458 100.85850
2505.82906 104.69323
2508.48354 104.56506
2511.13802 99.52620
2513.79250 89.57034
2516.44698 75.91132
2519.10146 60.74122
2521.75594 46.61809
2524.41042 35.78283
2527.06490 29.63671
2529.71938 28.46233
2532.37386 31.39898
2535.02834 36.70131
2537.68282 42.29320
2540.33730 46.48889
2542.99178 48.57888
2545.64626 48.96322
2548.30074 48.74767
2550.95522 49.05352
2553.60970 50.45795
2556.26418 52.83951
2558.91866 55.58407
2561.57314 57.89175
2564.22762 58.97378
2566.88210 58.13792
2569.53658 54.89165
2572.19106 49.12278
2574.84554 41.25815
2577.50002 32.25420
2580.15450 23.39925
2582.80898 16.06042
2585.46346 11.50648
2588.11794 10.78227
2590.77242 14.49297
2593.42690 22.44991
2596.08138 33.37093
2598.73586 44.95924
2601.39034 54.51294
2604.04482 59.83905
2606.69930 59.98131
2609.35378 55.36815
2612.00826 47.37478
2614.66274 37.65158
2617.31722 27.62315
2619.97170 18.32487
2622.62618 10.47039
2625.28066 4.56290
2627.93514 0.97074
2630.58962 0.00000
2633.24410 1.97607
2635.89858 7.24757
2638.55306 16.01187
2641.20754 27.99694
2643.86202 42.20086
2646.51650 56.90877
2649.17098 70.03414
2651.82546 79.61445
