0.00000 0.00000
2.65448 1.38240
5.30896 2.93769
7.96344 4.77619
10.61792 6.92317
13.27240 9.34551
15.92688 12.00042
18.58136 14.86659
21.23584 17.93658
23.89032 21.18098
26.54480 24.51440
29.19928 27.78999
31.85376 30.82986
34.50824 33.47875
37.16272 35.65742
39.81720 37.39156
42.47168 38.80104
45.12616 40.05007
47.78064 41.27806
50.43512 42.54356
53.08960 43.80911
55.74408 44.97387
58.39856 45.93512
61.05304 46.64685
63.70752 47.14954
66.36200 47.56268
69.01648 48.04670
71.67096 48.74725
74.32544 49.73793
76.97992 50.98168
79.63440 52.33389
82.28888 53.59997
84.94336 54.63279
87.59784 55.42504
90.25232 56.14003
92.90680 57.05076
95.56128 58.40738
98.21576 60.29920
100.87024 62.58501
103.52472 64.92807
106.17920 66.91450
108.83368 68.19215
111.48816 68.56823
114.14264 68.04117
116.79712 66.78361
119.45160 65.10786
122.10608 63.42675
124.76056 62.19478
127.41504 61.81117
130.06952 62.49686
132.72400 64.19854
135.37848 66.58352
138.03296 69.15164
140.68744 71.42582
143.34192 73.13775
145.99640 74.33028
148.65088 75.34319
151.30536 76.69643
153.95984 78.90873
156.61432 82.29374
159.26880 86.78405
161.92328 91.84951
164.57776 96.57260
167.23224 99.89430
169.88672 100.95787
172.54120 99.41169
175.19568 95.54116
177.85016 90.18551
180.50464 84.50040
183.15912 79.67798
185.81360 76.71234
188.46808 76.23912
191.12256 78.44381
193.77704 83.04112
196.43152 89.34590
199.08600 96.44108
201.74048 103.39959
204.39496 109.47661
207.04944 114.20063
209.70392 117.35264
212.35840 118.88625
215.01288 118.85856
217.66736 117.40601
220.32184 114.74944
222.97632 111.19103
225.63080 107.08425
228.28527 102.79257
230.93975 98.66703
233.59423 95.05486
236.24871 92.31572
238.90319 90.80088
241.55767 90.76563
244.21215 92.23479
246.86663 94.89458
249.52111 98.10120
252.17559 101.05258
254.83007 103.08010
257.48455 103.93485
260.13903 103.92580
262.79351 103.83338
265.44799 104.63361
268.10247 107.15640
270.75695 111.81927
273.41143 118.52566
276.06591 126.73779
278.72039 135.66957
281.37487 144.51304
284.02935 152.61211
286.68383 159.52595
289.33831 164.98046
291.99279 168.77093
294.64727 170.71489
297.30175 170.72432
299.95623 168.97690
302.61071 166.07299
305.26519 163.03833
307.91967 161.10188
310.57415 161.30452
313.22863 164.10129
315.88311 169.14645
318.53759 175.38334
321.19207 181.43169
323.84655 186.12621
326.50103 188.96996
329.15551 190.27736
331.80999 190.91542
334.46447 191.76442
337.11895 193.19807
339.77343 194.90179
342.42791 196.16390
345.08239 196.48264
347.73687 196.11832
350.39135 196.23389
353.04583 198.50665
355.70031 204.40636
358.35479 214.52155
361.00927 228.27297
363.66375 244.12779
366.31823 260.16970
368.97271 274.73369
371.62719 286.83621
374.28167 296.27983
376.93615 303.48664
379.59063 309.22289
382.24511 314.37448
384.89959 319.84405
387.55407 326.53291
390.20855 335.32097
392.86303 346.98701
395.51751 362.08219
398.17199 380.81117
400.82647 402.95094
403.48095 427.78270
406.13543 454.00465
408.78991 479.67109
411.44439 502.31099
414.09887 519.39214
416.75335 529.13309
419.40783 531.38664
422.06231 528.12389
424.71679 523.13656
427.37127 520.96627
430.02575 525.53981
432.68023 539.20128
435.33471 562.58912
437.98919 595.23819
440.64367 636.29164
443.29815 684.66873
445.95263 738.51380
448.60711 794.41411
451.26159 847.22103
453.91607 891.05174
456.57055 921.32403
459.22503 936.94838
461.87951 941.53107
464.53399 942.79591
467.18847 950.22545
469.84295 971.76557
472.49743 1010.94974
475.15191 1065.73530
477.80639 1129.66468
480.46087 1194.88861
483.11535 1255.59387
485.76983 1310.04240
488.42431 1360.08166
491.07879 1408.38982
493.73327 1455.08211
496.38775 1495.74591
499.04223 1522.15466
501.69671 1525.33586
504.35119 1499.35138
507.00567 1443.89050
509.66015 1364.60882
512.31463 1271.39267
514.96911 1175.57665
517.62359 1087.24043
520.27807 1013.29272
522.93255 956.58591
525.58703 916.05249
528.24151 887.73874
530.89599 866.44333
533.55047 847.43859
536.20495 827.66046
538.85943 805.98518
541.51391 782.69434
544.16839 758.64769
546.82287 734.73165
549.47735 711.80269
552.13183 690.88781
554.78631 673.20448
557.44079 659.77034
560.09527 650.80014
562.74975 645.36380
565.40423 641.65601
568.05871 637.78609
570.71319 632.59059
573.36767 625.94242
576.02215 618.41576
578.67663 610.65392
581.33111 602.97143
583.98559 595.45165
586.64007 588.32626
589.29455 582.17245
591.94903 577.66282
594.60351 575.05866
597.25799 573.91365
599.91247 573.28643
602.56695 572.30018
605.22143 570.56981
607.87591 568.14409
610.53039 565.06041
613.18487 560.96655
615.83935 555.20020
618.49383 547.30482
621.14831 537.57862
623.80279 527.23194
626.45727 518.05406
629.11175 511.85385
631.76623 510.03740
634.42071 513.48059
637.07519 522.56870
639.72967 537.16242
642.38415 556.38746
645.03863 578.39701
647.69311 600.41095
650.34759 619.25804
653.00207 632.36116
655.65655 638.76859
658.31103 639.66637
660.96551 637.96553
663.61999 637.02685
666.27447 639.11986
668.92895 644.45750
671.58343 651.37549
674.23791 657.54648
676.89239 661.46141
679.54686 663.23635
682.20134 664.26078
684.85582 665.99500
687.51030 668.80257
690.16478 671.66802
692.81926 673.02631
695.47374 672.14811
698.12822 670.11116
700.78270 669.61759
703.43718 673.64187
706.09166 683.65533
708.74614 698.49331
711.40062 714.61185
714.05510 727.70726
716.70958 734.89802
719.36406 736.33446
722.01854 735.38493
724.67302 737.28009
727.32750 746.88307
729.98198 766.68924
732.63646 796.02972
735.29094 831.81794
737.94542 870.35103
740.59990 909.09938
743.25438 947.44086
745.90886 985.96265
748.56334 1024.89012
751.21782 1062.79851
753.87230 1096.58193
756.52678 1122.78213
759.18126 1139.42496
761.83574 1147.15832
764.49022 1148.96539
767.14470 1148.64784
769.79918 1148.96322
772.45366 1150.35304
775.10814 1150.73327
777.76262 1146.26851
780.41710 1132.73042
783.07158 1106.95941
785.72606 1067.97029
788.38054 1017.33919
791.03502 958.76608
793.68950 897.10313
796.34398 837.41602
798.99846 784.52062
801.65294 742.94350
804.30742 716.81475
806.96190 709.25203
809.61638 721.33034
812.27086 751.25724
814.92534 794.37539
817.57982 844.08134
820.23430 893.18274
822.88878 935.11354
825.54326 964.77742
828.19774 979.13189
830.85222 977.58791
833.50670 962.01700
836.16118 936.09834
838.81566 904.12012
841.47014 869.83637
844.12462 836.01399
846.77910 804.73861
849.43358 777.87923
852.08806 757.00628
854.74254 742.65828
857.39702 733.59725
860.05150 726.86214
862.70598 718.85033
865.36046 706.85749
868.01494 690.17896
870.66942 670.22627
873.32390 649.75119
875.97838 631.67202
878.63286 617.99793
881.28734 609.16524
883.94182 603.96338
886.59630 600.11132
889.25078 595.30306
891.90526 588.23124
894.55974 579.02002
897.21422 568.85779
899.86870 559.20377
902.52318 551.23857
905.17766 545.93055
907.83214 544.45229
910.48662 548.30945
913.14110 558.80512
915.79558 576.10886
918.45006 598.61945
921.10454 623.12763
923.75902 645.70904
926.41350 662.84483
929.06798 672.29568
931.72246 673.57105
934.37694 668.04518
937.03142 658.71504
939.68590 649.49237
942.34038 644.05954
944.99486 644.66997
947.64934 651.49038
950.30382 662.86981
952.95830 676.39037
955.61278 690.13496
958.26726 703.62202
960.92174 718.19650
963.57622 736.93109
966.23070 764.04438
968.88518 803.68470
971.53966 858.08357
974.19414 925.67465
976.84862 1000.35852
979.50310 1072.96816
982.15758 1134.88220
984.81206 1182.20875
987.46654 1218.13812
990.12102 1251.74202
992.77550 1293.45511
995.42998 1349.49645
998.08446 1418.20931
1000.73894 1490.20963
1003.39342 1552.06209
1006.04790 1591.36936
1008.70238 1600.74887
1011.35686 1579.22470
1014.01134 1531.18864
1016.66582 1464.21145
1019.32030 1387.09823
1021.97478 1308.90432
1024.62926 1238.76228
1027.28374 1185.81125
1029.93822 1158.45835
1032.59270 1162.61013
1035.24718 1199.24646
1037.90166 1262.47259
1040.55614 1339.49745
1043.21062 1413.41776
1045.86510 1468.28224
1048.51958 1494.40766
1051.17406 1491.38241
1053.82854 1467.20666
1056.48302 1434.09429
1059.13750 1403.26748
1061.79198 1381.39604
1064.44646 1370.01141
1067.10094 1367.27758
1069.75542 1370.30294
1072.40990 1376.41483
1075.06438 1383.05810
1077.71886 1387.15197
1080.37334 1385.02930
1083.02782 1373.46423
1085.68230 1351.37086
1088.33678 1321.18627
1090.99126 1289.00919
1093.64574 1263.11593
1096.30022 1251.20897
1098.95470 1257.38285
1101.60918 1280.08367
1104.26366 1312.11667
1106.91814 1342.99876
1109.57262 1362.92177
1112.22710 1366.78426
1114.88158 1356.62560
1117.53606 1341.44853
1120.19054 1334.48913
1122.84502 1348.92689
1125.49950 1393.44311
1128.15398 1468.93086
1130.80846 1567.27691
1133.46293 1672.67887
1136.11741 1765.42903
1138.77189 1827.40504
1141.42637 1847.73680
1144.08085 1826.63199
1146.73533 1775.60185
1149.38981 1713.52013
1152.04429 1659.71119
1154.69877 1626.76887
1157.35325 1616.18869
1160.00773 1618.78682
1162.66221 1619.70496
1165.31669 1605.62396
1167.97117 1570.76775
1170.62565 1518.94992
1173.28013 1460.95508
1175.93461 1408.86998
1178.58909 1370.35732
1181.24357 1345.62880
1183.89805 1328.26692
1186.55253 1309.03507
1189.20701 1280.48640
1191.86149 1240.11430
1194.51597 1190.81365
1197.17045 1138.85040
1199.82493 1090.63059
1202.47941 1049.91015
1205.13389 1016.69244
1207.78837 988.19061
1210.44285 961.25276
1213.09733 934.94438
1215.75181 911.88178
1218.40629 897.53376
1221.06077 897.80884
1223.71525 916.22559
1226.36973 952.20616
1229.02421 1001.34986
1231.67869 1057.37191
1234.33317 1114.51413
1236.98765 1169.18868
1239.64213 1220.31028
1242.29661 1268.60510
1244.95109 1315.58301
1247.60557 1362.71159
1250.26005 1410.95396
1252.91453 1460.58223
1255.56901 1511.12436
1258.22349 1561.29502
1260.87797 1608.73829
1263.53245 1649.52361
1266.18693 1677.71350
1268.84141 1685.74687
1271.49589 1666.33649
1274.15037 1615.74992
1276.80485 1537.10863
1279.45933 1441.66693
1282.11381 1346.71300
1284.76829 1270.58378
1287.42277 1227.09729
1290.07725 1222.12318
1292.73173 1253.64416
1295.38621 1314.46985
1298.04069 1395.34971
1300.69517 1486.57057
1303.34965 1577.81868
1306.00413 1657.71972
1308.65861 1714.75754
1311.31309 1740.04975
1313.96757 1730.74010
1316.62205 1691.90119
1319.27653 1635.46966
1321.93101 1576.38786
1324.58549 1527.65479
1327.23997 1496.45535
1329.89445 1482.81150
1332.54893 1480.90577
1335.20341 1482.16855
1337.85789 1478.81146
1340.51237 1466.63009
1343.16685 1446.27318
1345.82133 1422.60891
1348.47581 1402.35830
1351.13029 1390.82717
1353.78477 1389.10719
1356.43925 1393.11211
1359.09373 1395.05655
1361.74821 1386.77632
1364.40269 1363.33452
1367.05717 1325.25124
1369.71165 1278.46143
1372.36613 1232.20431
1375.02061 1195.83005
1377.67509 1175.70025
1380.32957 1173.13545
1382.98405 1184.01597
1385.63853 1200.24396
1388.29301 1212.70862
1390.94749 1214.69832
1393.60197 1204.26072
1396.25645 1184.31915
1398.91093 1160.48378
1401.56541 1137.84184
1404.21989 1118.63973
1406.87437 1102.15971
1409.52885 1086.61948
1412.18333 1071.61397
1414.83781 1059.37726
1417.49229 1054.06540
1420.14677 1059.61157
1422.80125 1077.53153
1425.45573 1105.89481
1428.11021 1139.80485
1430.76469 1172.84795
1433.41917 1198.63487
1436.07365 1211.84349
1438.72813 1208.72425
1441.38261 1187.40601
1444.03709 1148.30862
1446.69157 1094.62695
1449.34605 1032.50445
1452.00053 970.45614
1454.65501 917.91760
1457.30949 883.30362
1459.96397 872.32001
1462.61845 887.21443
1465.27293 927.17591
1467.92741 989.48319
1470.58189 1070.64253
1473.23637 1166.86543
1475.89085 1273.72303
1478.54533 1385.36394
1481.19981 1493.98211
1483.85429 1590.14972
1486.50877 1664.26765
1489.16325 1708.90746
1491.81773 1721.38379
1494.47221 1705.63583
1497.12669 1672.54291
1499.78117 1638.24059
1502.43565 1620.76620
1505.09013 1636.12321
1507.74461 1695.16159
1510.39909 1802.24935
1513.05357 1955.73602
1515.70805 2149.28740
1518.36253 2372.94349
1521.01701 2613.40399
1523.67149 2854.10514
1526.32597 3076.28982
1528.98045 3261.91987
1531.63493 3398.07175
1534.28941 3481.17532
1536.94389 3518.98247
1539.59837 3528.87458
1542.25285 3532.68832
1544.90733 3549.83406
1547.56181 3591.29765
1550.21629 3656.78146
1552.87077 3735.93317
1555.52525 3812.93417
1558.17973 3872.43060
1560.83421 3904.46926
1563.48869 3906.85362
1566.14317 3884.68463
1568.79765 3847.98928
1571.45213 3808.66434
1574.10661 3777.52543
1576.76109 3761.69587
1579.41557 3762.52149
1582.07005 3774.63086
1584.72453 3786.97835
1587.37900 3786.05833
1590.03348 3760.16017
1592.68796 3702.61965
1595.34244 3612.52326
1597.99692 3493.10281
1600.65140 3349.71633
1603.30588 3189.33806
1605.96036 3021.71072
1608.61484 2860.27065
1611.26932 2720.59111
1613.92380 2615.96678
1616.57828 2552.39939
1619.23276 2526.32060
1621.88724 2526.81397
1624.54172 2541.05211
1627.19620 2559.59639
1629.85068 2578.70192
1632.50516 2599.21755
1635.15964 2623.91930
1637.81412 2655.45394
1640.46860 2695.64960
1643.12308 2745.41251
1645.77756 2804.21314
1648.43204 2869.19938
1651.08652 2934.93490
1653.74100 2994.52681
1656.39548 3041.68693
1659.04996 3072.33353
1661.70444 3084.68771
1664.35892 3078.16797
1667.01340 3052.44865
1669.66788 3007.78667
1672.32236 2946.34456
1674.97684 2873.01685
1677.63132 2794.36851
1680.28580 2715.75062
1682.94028 2638.32858
1685.59476 2558.28019
1688.24924 2469.28007
1690.90372 2367.29249
1693.55820 2255.04183
1696.21268 2143.43599
1698.86716 2048.79821
1701.52164 1987.08067
1704.17612 1967.89610
1706.83060 1991.23050
1709.48508 2048.13337
1712.13956 2124.54484
1714.79404 2206.02867
1717.44852 2281.25358
1720.10300 2343.29530
1722.75748 2389.22199
1725.41196 2419.10462
1728.06644 2435.39569
1730.72092 2442.99329
1733.37540 2449.74765
1736.02988 2466.82106
1738.68436 2508.09822
1741.33884 2587.86051
1743.99332 2716.51521
1746.64780 2895.42946
1749.30228 3113.27682
1751.95676 3346.65152
1754.61124 3566.27415
1757.26572 3747.32286
1759.92020 3879.82987
1762.57468 3974.33719
1765.22916 4059.68284
1767.88364 4173.04306
1770.53812 4345.59206
1773.19260 4589.02367
1775.84708 4888.14477
1778.50156 5202.89025
1781.15604 5479.90694
1783.81052 5670.19206
1786.46500 5746.49945
1789.11948 5713.77783
1791.77396 5608.41014
1794.42844 5486.58444
1797.08292 5406.56631
1799.73740 5411.75441
1802.39188 5520.31672
1805.04636 5723.83455
1807.70084 5993.65308
1810.35532 6291.26479
1813.00980 6578.71121
1815.66428 6826.29187
1818.31876 7016.80937
1820.97324 7147.05875
1823.62772 7227.56391
1826.28220 7280.72889
1828.93668 7336.53670
1831.59116 7424.96206
1834.24564 7565.91994
1836.90012 7759.94657
1839.55460 7983.97621
1842.20908 8195.12957
1844.86356 8341.85753
1847.51804 8378.33381
1850.17252 8276.91520
1852.82700 8035.21110
1855.48148 7677.16515
1858.13596 7249.39885
1860.79044 6814.13058
1863.44492 6439.28385
1866.09940 6186.41057
1868.75388 6098.12323
1871.40836 6187.83368
1874.06284 6434.57963
1876.71732 6784.51551
1879.37180 7159.17247
1882.02628 7469.56191
1884.68076 7634.30075
1887.33524 7598.47321
1889.98972 7348.16610
1892.64420 6915.13601
1895.29868 6368.51505
1897.95316 5795.54228
1900.60764 5278.31295
1903.26212 4875.15425
1905.91660 4612.23922
1908.57108 4485.47249
1911.22556 4468.30603
1913.88004 4520.53954
1916.53452 4595.80432
1919.18900 4648.42946
1921.84348 4641.06354
1924.49796 4552.48841
1927.15244 4382.64499
1929.80692 4151.56581
1932.46140 3891.46944
1935.11588 3635.07041
1937.77036 3405.42480
1940.42484 3211.64672
1943.07932 3051.24159
1945.73380 2916.11271
1948.38828 2797.97551
1951.04276 2690.56780
1953.69724 2589.07515
1956.35172 2489.14803
1959.00620 2387.42941
1961.66068 2283.38689
1964.31516 2180.50684
1966.96964 2085.10254
1969.62412 2002.86876
1972.27860 1935.19362
1974.93308 1877.54590
1977.58756 1820.86386
1980.24204 1755.02938
1982.89652 1672.60004
1985.55100 1571.34935
1988.20548 1455.11541
1990.85996 1333.10327
1993.51444 1217.91729
1996.16892 1122.63078
1998.82340 1057.48578
2001.47788 1027.17767
2004.13236 1029.65408
2006.78684 1056.79009
2009.44132 1096.55986
2012.09580 1135.90965
2014.75028 1163.57517
2017.40476 1172.29066
2020.05924 1159.94441
2022.71372 1129.34034
2025.36820 1086.59963
2028.02268 1038.85523
2030.67716 992.29741
2033.33164 951.35336
2035.98612 918.92301
2038.64059 896.83016
2041.29507 885.65387
2043.94955 883.88148
2046.60403 887.17819
2049.25851 888.74317
2051.91299 881.07310
2054.56747 858.51321
2057.22195 819.43651
2059.87643 767.05003
2062.53091 708.47306
2065.18539 652.46179
2067.83987 606.66707
2070.49435 575.47384
2073.14883 559.22330
2075.80331 554.99921
2078.45779 558.41417
2081.11227 565.38456
2083.76675 573.04907
2086.42123 579.65854
2089.07571 583.93781
2091.73019 584.60527
2094.38467 580.38238
2097.03915 570.33583
2099.69363 554.20889
2102.34811 532.57751
2105.00259 506.90659
2107.65707 479.58072
2110.31155 453.77924
2112.96603 432.95728
2115.62051 419.89078
2118.27499 415.61544
2120.92947 418.80030
2123.58395 425.94109
2126.23843 432.35119
2128.89291 433.56802
2131.54739 426.68057
2134.20187 411.19337
2136.85635 389.22512
2139.51083 365.00520
2142.16531 343.78510
2144.81979 330.43969
2147.47427 328.14262
2150.12875 337.48334
2152.78323 356.24611
2155.43771 379.87802
2158.09219 402.52174
2160.74667 418.39118
2163.40115 423.18603
2166.05563 415.17694
2168.71011 395.62029
2171.36459 368.34639
2174.01907 338.65841
2176.67355 311.92750
2179.32803 292.33145
2181.98251 282.05420
2184.63699 281.06034
2187.29147 287.40596
2189.94595 297.96592
2192.60043 309.39063
2195.25491 319.01876
2197.90939 325.42786
2200.56387 328.40615
2203.21835 328.39750
2205.87283 325.77763
2208.52731 320.44825
2211.18179 312.05014
2213.83627 300.66983
2216.49075 287.51695
2219.14523 274.97557
2221.79971 265.78870
2224.45419 261.72255
2227.10867 262.48709
2229.76315 265.63715
2232.41763 267.63387
2235.07211 265.54621
2237.72659 258.47307
2240.38107 247.92892
2243.03555 237.03933
2245.69003 229.04195
2248.34451 225.89248
2250.99899 227.60474
2253.65347 232.48448
2256.30795 237.96287
2258.96243 241.54143
2261.61691 241.46440
2264.27139 236.99929
2266.92587 228.43101
2269.58035 216.93247
2272.23483 204.38012
2274.88931 193.06720
2277.54379 185.26219
2280.19827 182.68022
2282.85275 186.06270
2285.50723 195.05140
2288.16171 208.37728
2290.81619 224.19943
2293.47067 240.39590
2296.12515 254.75259
2298.77963 265.16861
2301.43411 270.01371
2304.08859 268.60827
2306.74307 261.60346
2309.39755 250.99927
2312.05203 239.68538
2314.70651 230.60901
2317.36099 225.83331
2320.01547 225.81526
2322.66995 229.21714
2325.32443 233.43844
2327.97891 235.76242
2330.63339 234.62443
2333.28787 230.29639
2335.94235 224.51855
2338.59683 219.25914
2341.25131 215.40773
2343.90579 212.28733
2346.56027 208.28521
2349.21475 202.10072
2351.86923 193.73052
2354.52371 184.61598
2357.17819 177.02842
2359.83267 173.19123
2362.48715 174.57489
2365.14163 181.48697
2367.79611 192.90727
2370.45059 206.59132
2373.10507 219.54610
2375.75955 228.83774
2378.41403 232.42275
2381.06851 229.61719
2383.72299 221.07074
2386.37747 208.45336
2389.03195 194.13262
2391.68643 180.86706
2394.34091 171.30187
2396.99539 167.17026
2399.64987 168.50583
2402.30435 173.41842
2404.95883 178.74655
2407.61331 181.33337
2410.26779 179.27853
2412.92227 172.61317
2415.57675 163.25820
2418.23123 154.43519
2420.88571 149.71956
2423.54019 151.86605
2426.19467 161.66645
2428.84915 177.33918
2431.50363 194.92449
2434.15811 209.66451
2436.81259 217.69844
2439.46707 217.17980
2442.12155 208.36786
2444.77603 192.96902
2447.43051 173.35895
2450.08499 152.06157
2452.73947 131.38828
2455.39395 113.01172
2458.04843 97.56504
2460.70291 84.66231
2463.35739 73.55985
2466.01187 64.10928
2468.66635 57.27793
2471.32083 54.78185
2473.97531 58.09290
2476.62979 67.57828
2479.28427 82.35042
2481.93875 100.76186
2484.59323 121.00718
2487.24771 141.39194
2489.90219 160.29434
2492.55666 176.15066
2495.21114 187.66600
2497.86562 194.10739
2500.52010 195.39185
2503.17458 191.88063
2505.82906 184.08427
2508.48354 172.54796
2511.13802 157.97901
2513.79250 141.44180
2516.44698 124.41345
2519.10146 108.64604
2521.75594 95.91497
2524.41042 87.72350
2527.06490 84.96285
2529.71938 87.55078
2532.37386 94.20489
2535.02834 102.58842
2537.68282 109.94037
2540.33730 114.00370
2542.99178 113.81577
2545.64626 109.93565
2548.30074 103.97925
2550.95522 97.73131
2553.60970 92.34906
2556.26418 88.10129
2558.91866 84.72915
2561.57314 82.08738
2564.22762 80.51856
2566.88210 80.60580
2569.53658 82.44390
2572.19106 85.01098
2574.84554 86.24035
2577.50002 83.91960
2580.15450 76.91506
2582.80898 65.93133
2585.46346 53.30309
2588.11794 41.95563
2590.77242 34.16605
2593.42690 30.77377
2596.08138 31.10328
2598.73586 33.43635
2601.39034 35.69527
2604.04482 36.07966
2606.69930 33.53973
2609.35378 28.02527
2612.00826 20.45056
2614.66274 12.36788
2617.31722 5.46460
2619.97170 1.09182
2622.62618 0.00000
2625.28066 2.32171
2627.93514 7.71848
2630.58962 15.58134
2633.24410 25.22378
2635.89858 36.04969
2638.55306 47.67393
2641.20754 59.94561
2643.86202 72.82705
2646.51650 86.13749
2649.17098 99.25694
2651.82546 110.95597
