0 0.018544
5 0.0066366
10 -0.0016554
15 -0.0026316
20 -0.0003714
25 -0.0015618
30 -0.0009168
35 0.0010742
40 0.000328
45 -0.0001842
50 0.0020314
55 0.003572
60 0.0005068
65 -0.000704
70 0.000967
75 0.0007612
80 -0.001018
85 0.000239
90 0.0021258
95 0.001705
100 0.0005808
105 4.44e-05
110 -0.0021538
115 -0.002729
120 0.0003362
125 0.0030678
130 0.0021392
135 0.0015838
140 0.0026058
145 0.0005998
150 -0.0018994
155 -0.0008362
160 0.0016582
165 0.000251
170 -0.0012052
175 -0.0001182
180 0.0006438
185 -0.0008134
190 -0.0009526
195 0.0006836
200 0.000952
205 0.000691
210 0.0015138
215 0.0017484
220 0.0003974
225 0.0002776
230 0.0010814
235 0.000264
240 -0.0020502
245 -0.0029976
250 -0.0019254
255 0.001082
260 0.0034334
265 0.0028912
270 -3e-06
275 -0.0010352
280 -1.92e-05
285 0.0001188
290 -0.0005856
295 -0.000134
300 0.0007254
305 9.8e-05
310 -0.000245
315 0.0003944
320 7.42e-05
325 -0.001203
330 -0.0008446
335 0.0002046
340 5.36e-05
345 0.0003008
350 0.0019302
355 0.0026954
360 0.0012414
365 -0.0002516
370 -0.0010572
375 -0.0017174
380 -0.0017942
385 -0.0006404
390 0.0001804
395 0.0007588
400 0.0015478
405 0.0015984
410 1.14e-05
415 -0.0004248
420 0.0004664
425 0.0004752
430 -0.0007436
435 -0.0003666
440 0.000732
445 -0.000109
450 -0.0009994
455 -7.34e-05
460 0.0005722
465 -0.0005826
470 -0.0004284
475 0.0009824
480 0.0008576
485 1.1e-05
490 0.0007684
495 0.0014272
500 -0.0003608
505 -0.001873
510 -0.001144
515 -1.06e-05
520 4.24e-05
525 0.0005156
530 0.0008324
535 -9.94e-05
540 -0.000687
545 1.42e-05
550 0.0003506
555 -3.92e-05
560 0.0002574
565 0.0007042
570 6.74e-05
575 -0.0002834
580 0.0003658
585 0.0001852
590 -0.0010322
595 -0.0010868
600 -6.78e-05
605 8.4e-05
610 0.0001456
615 0.0010846
620 0.0012496
625 1.3e-05
630 -0.0005146
635 8.04e-05
640 -0.0002724
645 -0.0011502
650 -0.0005816
655 0.0006176
660 0.0004468
665 -0.0002554
670 -9.12e-05
675 8.1e-05
680 -0.000203
685 -7.34e-05
690 0.0002976
695 0.0001904
700 0.0001256
705 0.0004644
710 0.0003806
715 -0.0002792
720 -0.0004784
725 -0.0003318
730 -0.0004554
735 -0.000419
740 4.64e-05
745 0.0002918
750 0.0002874
755 0.000521
760 0.0006262
765 -8.44e-05
770 -0.0005486
775 -0.000282
780 9.88e-05
785 -9.52e-05
790 -0.0001316
795 6.2e-06
800 -0.0001614
805 -0.0002774
810 0.0001002
815 0.000329
820 8.6e-05
825 -0.000128
830 0.0001526
835 0.000281
840 0.000239
845 7.58e-05
850 -0.0002136
855 -0.0005304
860 -0.0004474
865 -6.04e-05
870 2.18e-05
875 -5.4e-06
880 0.000122
885 0.0001988
890 0.000125
895 0.0001336
900 0.0001108
905 -0.000273
910 -0.0003712
915 5.28e-05
920 0.000249
925 -5.92e-05
930 -0.0001456
935 4.32e-05
940 -4.02e-05
945 -0.0002366
950 -0.0001684
955 3.52e-05
960 -6.4e-06
965 9.26e-05
970 0.000269
975 0.0001734
980 -0.0001552
985 -0.0001522
990 -6.28e-05
995 -0.0002268
1000 -0.000305
1005 -9.46e-05
1010 2.8e-05
1015 7e-06
1020 0.00015
1025 0.0001706
1030 -9.34e-05
1035 -0.000216
1040 3.5e-05
1045 0.0001328
1050 -2.98e-05
1055 -3.2e-05
1060 4.76e-05
1065 -9.9e-05
1070 -0.0001684
1075 1.02e-05
1080 -1e-06
1085 -0.0001982
1090 -0.0001402
1095 0.0002048
1100 0.0002116
1105 4.02e-05
1110 1.8e-06
1115 -1.2e-05
1120 -0.000164
1125 -0.0001566
1130 4.28e-05
1135 1.5e-05
1140 -0.0001206
1145 -2.32e-05
1150 0.0001432
1155 7.68e-05
1160 -3.64e-05
1165 5.4e-06
1170 -1.38e-05
1175 -7.2e-05
1180 2.5e-05
1185 0.0001
1190 2.76e-05
1195 -2.32e-05
1200 -1.36e-05
1205 -6.78e-05
1210 -0.0001608
1215 -9.26e-05
1220 3.22e-05
1225 5.26e-05
1230 1.74e-05
1235 7.32e-05
1240 5.58e-05
1245 -1.8e-05
1250 -3.04e-05
1255 1e-05
1260 -5.7e-05
1265 -0.0001122
1270 -3.94e-05
1275 5.84e-05
1280 4.1e-05
1285 1.76e-05
1290 1.82e-05
1295 -2.1e-05
1300 -9.28e-05
1305 -4.26e-05
1310 1.86e-05
1315 2.34e-05
1320 9e-06
1325 1.1e-05
1330 8e-06
1335 -2.56e-05
1340 -2.78e-05
1345 -4.48e-05
1350 -7.26e-05
1355 -3.24e-05
1360 3.46e-05
1365 3.26e-05
1370 7e-06
1375 1.14e-05
1380 8.4e-06
1385 -2.56e-05
1390 -3.84e-05
1395 -2.46e-05
1400 -3.84e-05
1405 -4e-05
1410 6.8e-06
1415 3.72e-05
1420 -2.8e-06
1425 -2.4e-05
1430 -1.4e-05
1435 -1.72e-05
1440 -3.62e-05
1445 1.35525e-21
1450 2.82e-05
1455 1.32e-05
1460 -1.66e-05
1465 -9.2e-06
1470 -1.34e-05
1475 -2.96e-05
1480 -2.26e-05
1485 -7.4e-06
1490 -1.1e-05
1495 -4.4e-06
1500 2.46e-05
1505 1.46e-05
1510 -9.8e-06
1515 -1.18e-05
1520 -6.8e-06
1525 -2.4e-05
1530 -2.8e-05
1535 2.2e-06
1540 1.4e-05
1545 4.8e-06
1550 1.2e-06
1555 -3e-06
1560 -3.22e-05
1565 -3.98e-05
1570 -4.2e-06
1575 1.5e-05
1580 -3.2e-06
1585 -8.2e-06
1590 1.12e-05
1595 6.2e-06
1600 -1.68e-05
1605 -1.86e-05
1610 -1.1e-05
1615 -2.02e-05
1620 -1.24e-05
1625 1.04e-05
1630 1.6e-05
1635 2e-07
1640 1.8e-06
1645 2.4e-06
1650 -8.6e-06
1655 -2.16e-05
1660 -1.24e-05
1665 -3.8e-06
1670 1.2e-06
1675 6.2e-06
1680 1.1e-05
1685 -1.8e-06
1690 -1.1e-05
1695 -9.2e-06
1700 -1.08e-05
1705 -1.12e-05
1710 -1.8e-06
1715 8.2e-06
1720 3.4e-06
1725 -1.6e-06
1730 8e-07
1735 2e-07
1740 -1.1e-05
1745 -1.16e-05
1750 -3e-06
1755 2.4e-06
1760 -1.2e-06
1765 2.2e-06
1770 6.6e-06
1775 2.2e-06
1780 -3.4e-06
1785 -3.6e-06
1790 -4.4e-06
1795 -7.4e-06
1800 -1.8e-06
1805 5.8e-06
1810 6e-06
1815 -1.4e-06
1820 -4.6e-06
1825 -4e-06
1830 -2.6e-06
1835 4e-07
1840 -3.38813e-22
1845 -8e-07
1850 1.2e-06
1855 1.4e-06
1860 -1e-06
1865 -4.6e-06
1870 -5.2e-06
1875 -3e-06
1880 -1.2e-06
1885 1e-06
1890 2.6e-06
1895 1.6e-06
1900 -8e-07
1905 -8.47033e-23
1910 -8e-07
1915 -3e-06
1920 -4e-06
1925 -1e-06
1930 -6e-07
1935 -2e-07
1940 8e-07
1945 8e-07
1950 -4e-07
1955 -2.8e-06
1960 -1.8e-06
1965 -2.6e-06
1970 -1.4e-06
1975 1.2e-06
1980 2.2e-06
1985 1.2e-06
1990 -2e-07
1995 -1.2e-06
2000 -1.8e-06
2005 -2.4e-06
2010 -1e-06
2015 4e-07
2020 0
2025 2e-07
2030 1.8e-06
2035 1.2e-06
2040 -1e-06
2045 -1.4e-06
2050 -1.2e-06
2055 -2e-06
2060 -2.2e-06
2065 6e-07
2070 1.6e-06
2075 6e-07
2080 -4e-07
2085 -2e-07
2090 -8e-07
2095 -1.8e-06
2100 -1.6e-06
2105 -2e-07
2110 4e-07
2115 4e-07
2120 4e-07
2125 0
2130 -1.2e-06
2135 -8e-07
2140 -8e-07
2145 -8e-07
2150 -8e-07
2155 -2e-07
2160 0
2165 0
2170 0
2175 0
2180 -2e-07
2185 -8e-07
2190 -2e-07
2195 -4e-07
2200 -4e-07
2205 0
2210 2e-07
2215 -4e-07
2220 -8e-07
2225 -8e-07
2230 -4e-07
2235 0
2240 2e-07
2245 2e-07
2250 4e-07
2255 0
2260 -4e-07
2265 -4e-07
2270 -4e-07
2275 -6e-07
2280 -4e-07
2285 -2e-07
2290 -2e-07
2295 0
2300 -2e-07
2305 0
2310 0
2315 -2e-07
2320 -4e-07
2325 0
2330 0
2335 0
2340 0
2345 0
2350 0
2355 -4e-07
2360 -4e-07
2365 0
2370 0
2375 0
2380 0
2385 0
2390 0
2395 -2e-07
2400 0
2405 0
2410 0
2415 0
2420 0
2425 0
2430 0
2435 0
2440 0
2445 0
2450 0
2455 0
2460 0
2465 0
2470 0
2475 0
2480 0
2485 0
2490 0
2495 0
2500 0
2505 0
2510 0
2515 0
2520 0
2525 0
2530 0
2535 0
2540 0
2545 0
2550 0
2555 0
2560 0
2565 0
2570 0
2575 0
2580 0
2585 0
2590 0
2595 0
2600 0
2605 0
2610 0
2615 0
2620 0
2625 0
2630 0
2635 0
2640 0
2645 0
2650 0
2655 0
2660 0
2665 0
2670 0
2675 0
2680 0
2685 0
2690 0
2695 0
2700 0
2705 0
2710 0
2715 0
2720 0
2725 0
2730 0
2735 0
2740 0
2745 0
2750 0
2755 0
2760 0
2765 0
2770 0
2775 0
2780 0
2785 0
2790 0
2795 0
2800 0
2805 0
2810 0
2815 0
2820 0
2825 0
2830 0
2835 0
2840 0
2845 0
2850 0
2855 0
2860 0
2865 0
2870 0
2875 0
2880 0
2885 0
2890 0
2895 0
2900 0
2905 0
2910 0
2915 0
2920 0
2925 0
2930 0
2935 0
2940 0
2945 0
2950 0
2955 0
2960 0
2965 0
2970 0
2975 0
2980 0
2985 0
2990 0
2995 0
3000 0
3005 0
3010 0
3015 0
3020 0
3025 0
3030 0
3035 0
3040 0
3045 0
3050 0
3055 0
3060 0
3065 0
3070 0
3075 0
3080 0
3085 0
3090 0
3095 0
3100 0
3105 0
3110 0
3115 0
3120 0
3125 0
3130 0
3135 0
3140 0
3145 0
3150 0
3155 0
3160 0
3165 0
3170 0
3175 0
3180 0
3185 0
3190 0
3195 0
3200 0
3205 0
3210 0
3215 0
3220 0
3225 0
3230 0
3235 0
3240 0
3245 0
3250 0
3255 0
3260 0
3265 0
3270 0
3275 0
3280 0
3285 0
3290 0
3295 0
3300 0
3305 0
3310 0
3315 0
3320 0
3325 0
3330 0
3335 0
3340 0
3345 0
3350 0
3355 0
3360 0
3365 0
3370 0
3375 0
3380 0
3385 0
3390 0
3395 0
3400 0
3405 0
3410 0
3415 0
3420 0
3425 0
3430 0
3435 0
3440 0
3445 0
3450 0
3455 0
3460 0
3465 0
3470 0
3475 0
3480 0
3485 0
3490 0
3495 0
3500 0
3505 0
3510 0
3515 0
3520 0
3525 0
3530 0
3535 0
3540 0
3545 0
3550 0
3555 0
3560 0
3565 0
3570 0
3575 0
3580 0
3585 0
3590 0
3595 0
3600 0
3605 0
3610 0
3615 0
3620 0
3625 0
3630 0
3635 0
3640 0
3645 0
3650 0
3655 0
3660 0
3665 0
3670 0
3675 0
3680 0
3685 0
3690 0
3695 0
3700 0
3705 0
3710 0
3715 0
3720 0
3725 0
3730 0
3735 0
3740 0
3745 0
3750 0
3755 0
3760 0
3765 0
3770 0
3775 0
3780 0
3785 0
3790 0
3795 0
3800 0
3805 0
3810 0
3815 0
3820 0
3825 0
3830 0
3835 0
3840 0
3845 0
3850 0
3855 0
3860 0
3865 0
3870 0
3875 0
3880 0
3885 0
3890 0
3895 0
3900 0
3905 0
3910 0
3915 0
3920 0
3925 0
3930 0
3935 0
3940 0
3945 0
3950 0
3955 0
3960 0
3965 0
3970 0
3975 0
3980 0
3985 0
3990 0
3995 0
