1  5.16  	4.97
6  5.13  	5.01
11  4.72  	5.09
16  4.89  	5.20
21  5.41  	5.15
26  5.28  	5.05
31  4.75  	5.00
36  5.07  	4.85
41  5.29  	5.00
46  5.27  	4.97
51  5.14  	4.76
56  5.25  	4.87
61  5.34  	4.96
66  5.09  	4.84
71  4.75  	5.01
76  5.17  	5.02
81  5.28  	5.09
86  5.18  	4.91
91  5.13  	4.91
96  5.27  	5.06
101  5.26  	5.09
106  5.21  	5.00
111  5.23  	4.98
116  5.33  	5.08
121  5.23  	5.05
126  4.96  	5.22
131  5.25  	5.00
136  5.15  	5.04
141  4.88  	5.08
146  5.07  	5.18
151  5.39  	5.18
156  5.07  	5.21
161  4.75  	5.09
166  5.15  	4.90
171  5.37  	5.01
176  5.20  	5.00
181  4.82  	5.10
186  5.15  	4.96
191  5.29  	5.08
196  5.18  	5.05
201  4.95  	5.13
206  5.21  	4.91
211  5.28  	4.95
216  5.21  	4.94
221  5.21  	5.06
226  5.11  	4.92
231  5.05  	4.84
236  5.18  	4.89
241  5.34  	5.13
246  4.96  	5.17
251  4.75  	5.17
256  5.24  	4.89
261  5.29  	4.90
266  4.73  	4.91
271  4.74  	5.03
276  5.38  	5.22
281  5.41  	5.29
286  4.83  	5.18
291  5.16  	4.84
296  5.39  	5.03
301  5.16  	4.93
306  4.62  	4.97
311  5.15  	4.75
316  5.59  	5.07
321  5.52  	5.08
326  5.26  	4.97
331  5.13  	4.94
336  5.15  	5.31
341  5.03  	5.30
346  5.15  	4.83
351  5.04  	4.82
356  4.92  	5.16
361  5.26  	4.90
366  5.25  	4.79
371  4.91  	5.21
376  5.38  	4.98
381  5.07  	5.47
386  5.29  	4.99
391  4.90  	4.95
396  5.00  	4.77
401  5.24  	4.89
406  5.01  	5.35
411  4.99  	5.30
416  5.25  	4.92
421  5.23  	4.88
426  4.91  	5.12
431  5.15  	4.99
436  5.22  	4.97
441  5.24  	4.96
446  5.05  	5.25
451  5.28  	5.01
456  5.27  	4.92
461  5.29  	4.89
466  5.36  	4.96
471  5.21  	4.79
476  4.73  	5.21
481  4.89  	5.21
486  5.34  	5.14
491  5.17  	4.97
496  5.15  	4.95
501  5.24  	5.07
506  5.40  	5.15
511  5.33  	5.01
516  5.30  	4.94
521  5.27  	4.91
526  5.17  	4.88
531  4.88  	5.16
536  5.15  	5.04
541  5.05  	5.14
546  4.88  	5.19
551  5.06  	5.28
556  5.44  	5.06
561  5.22  	5.00
566  4.72  	5.07
571  4.87  	5.19
576  5.39  	4.99
581  5.40  	5.00
586  5.24  	5.02
591  5.27  	5.05
596  5.21  	4.98
601  4.84  	5.17
606  4.95  	5.23
611  5.34  	4.98
616  5.29  	5.01
621  4.90  	5.20
626  5.04  	5.19
631  5.17  	4.93
636  5.33  	5.02
641  5.38  	5.04
646  5.40  	5.15
651  5.23  	5.03
656  5.20  	4.96
661  5.26  	4.84
666  5.28  	4.87
671  5.18  	4.86
676  5.24  	4.99
681  5.34  	5.10
686  5.10  	5.29
691  5.00  	5.17
696  5.23  	4.98
701  5.35  	4.97
706  5.28  	5.02
711  5.00  	5.30
716  5.35  	5.03
721  5.41  	4.97
726  5.27  	4.90
731  5.24  	4.95
736  5.25  	4.98
741  5.10  	5.33
746  5.09  	5.37
751  5.40  	5.06
756  5.37  	4.92
761  5.27  	4.88
766  4.91  	5.23
771  5.23  	4.95
776  5.27  	5.01
781  5.22  	4.99
786  5.30  	5.03
791  5.24  	4.97
796  4.93  	5.09
801  4.91  	5.09
806  5.27  	5.05
811  5.47  	5.13
816  5.37  	5.01
821  5.26  	4.89
826  5.11  	4.84
831  5.22  	5.04
836  5.40  	5.07
841  5.47  	5.06
846  5.30  	4.95
851  5.23  	4.99
856  5.19  	4.94
861  5.24  	4.98
866  5.22  	4.93
871  5.33  	4.94
876  5.33  	4.90
881  5.24  	4.98
886  5.01  	5.13
891  5.31  	4.95
896  5.23  	4.85
901  5.15  	4.95
906  5.09  	5.28
911  5.39  	5.14
916  5.23  	5.00
921  4.89  	5.03
926  5.10  	4.88
931  5.21  	4.93
936  5.27  	4.93
941  5.01  	5.27
946  5.28  	4.98
951  5.10  	4.84
956  5.08  	4.85
961  5.27  	4.96
966  5.29  	5.04
971  5.00  	5.28
976  4.98  	5.28
981  5.30  	4.99
986  5.21  	4.82
991  5.11  	4.76
996  5.13  	4.75
1001  5.25  	4.94
1006  5.25  	4.90
1011  5.29  	4.97
1016  5.40  	4.93
1021  5.41  	5.03
1026  5.10  	4.93
1031  5.12  	4.91
1036  5.23  	4.85
1041  5.20  	4.95
1046  4.83  	5.15
1051  5.17  	4.89
1056  5.13  	4.84
1061  4.98  	5.17
1066  5.04  	5.29
1071  5.38  	5.03
1076  5.29  	4.92
1081  5.19  	4.98
1086  5.23  	4.99
1091  5.36  	5.02
1096  5.24  	5.02
1101  5.20  	4.97
1106  5.33  	5.02
1111  5.28  	5.02
1116  4.87  	5.04
1121  4.85  	5.01
1126  5.14  	4.92
1131  5.20  	4.88
1136  5.23  	4.92
1141  5.40  	5.08
1146  5.42  	5.07
1151  5.24  	5.00
1156  5.12  	4.92
1161  5.25  	4.96
1166  5.28  	5.00
1171  5.13  	5.02
1176  4.88  	4.99
1181  5.13  	5.02
1186  5.23  	5.05
1191  5.18  	4.95
1196  5.14  	4.84
1201  5.25  	5.00
1206  5.20  	5.05
1211  5.17  	5.01
1216  5.26  	4.84
1221  5.28  	4.86
1226  5.19  	4.98
1231  5.26  	5.06
1236  5.34  	4.92
1241  5.24  	4.84
1246  5.14  	4.82
1251  5.01  	4.87
1256  5.19  	4.97
1261  5.29  	5.11
1266  5.16  	5.10
1271  5.15  	4.93
1276  5.35  	4.97
1281  5.44  	5.10
1286  5.33  	4.96
1291  5.23  	4.69
1296  5.17  	4.60
1301  5.16  	4.77
1306  5.18  	4.92
1311  5.20  	4.93
1316  5.13  	4.91
1321  4.97  	5.19
1326  5.04  	5.24
1331  5.22  	5.04
1336  5.10  	4.94
1341  5.14  	4.89
1346  5.27  	4.85
1351  5.31  	4.84
1356  5.27  	4.90
1361  5.35  	5.08
1366  5.43  	5.09
1371  5.26  	4.90
1376  5.10  	4.79
1381  5.21  	4.98
1386  5.38  	5.20
1391  5.29  	5.15
1396  5.17  	4.95
1401  5.21  	4.88
1406  5.37  	4.98
1411  5.32  	4.97
1416  5.28  	4.95
1421  5.31  	4.97
1426  5.35  	4.97
1431  5.30  	4.90
1436  5.27  	4.89
1441  5.25  	4.95
1446  5.25  	5.01
1451  5.22  	4.88
1456  5.25  	4.83
1461  5.37  	4.98
1466  5.34  	5.11
1471  5.29  	4.91
1476  5.26  	4.75
1481  5.21  	4.77
1486  5.23  	4.90
1491  5.33  	4.92
1496  5.34  	4.89
1501  5.15  	4.91
1506  4.99  	5.15
1511  5.35  	5.04
1516  5.36  	5.07
1521  5.04  	5.18
1526  5.15  	4.96
1531  5.20  	4.80
1536  5.19  	4.86
1541  4.96  	5.18
1546  5.30  	5.04
1551  5.24  	4.91
1556  5.19  	4.85
1561  5.21  	4.87
1566  5.41  	5.00
1571  5.32  	5.01
1576  5.18  	4.93
1581  5.23  	4.86
1586  5.25  	4.91
1591  4.86  	5.07
1596  5.15  	4.95
1601  5.37  	4.97
1606  5.21  	4.91
1611  4.74  	5.03
1616  5.16  	4.90
1621  5.35  	4.98
1626  5.19  	5.03
1631  5.13  	4.92
1636  5.32  	4.89
1641  5.38  	4.93
1646  5.13  	4.97
1651  5.01  	4.80
1656  5.14  	4.78
1661  5.19  	4.90
1666  5.05  	5.20
1671  5.26  	4.98
1676  5.19  	4.98
1681  4.90  	5.13
1686  5.25  	4.99
1691  5.29  	4.85
1696  5.15  	4.78
1701  5.14  	4.81
1706  5.27  	4.92
1711  5.24  	4.79
1716  4.84  	5.06
1721  5.08  	5.32
1726  5.51  	5.28
1731  5.19  	4.99
1736  4.76  	4.91
1741  5.11  	4.80
1746  5.32  	4.79
1751  4.67  	5.15
1756  4.81  	5.17
1761  5.49  	5.10
1766  5.55  	5.09
1771  4.87  	5.20
1776  5.09  	4.89
1781  5.30  	5.07
1786  5.32  	5.10
1791  5.21  	4.91
1796  5.32  	4.80
1801  5.45  	4.83
1806  5.37  	4.92
1811  5.23  	4.92
1816  5.26  	4.94
1821  4.93  	5.31
1826  5.28  	5.00
1831  5.25  	4.90
1836  5.15  	4.89
1841  5.16  	4.91
1846  5.42  	5.02
1851  5.55  	4.95
1856  5.45  	4.90
1861  5.32  	5.01
1866  5.22  	5.11
1871  5.11  	4.95
1876  5.05  	4.82
1881  5.20  	4.94
1886  5.25  	4.97
1891  4.93  	5.25
1896  4.93  	5.30
1901  5.36  	4.94
1906  5.30  	4.89
1911  5.23  	4.85
1916  5.21  	4.84
1921  5.22  	4.97
1926  5.08  	4.96
1931  5.04  	4.86
1936  5.18  	4.91
1941  5.22  	5.04
1946  4.99  	5.31
1951  5.32  	4.89
1956  5.30  	4.82
1961  5.21  	4.84
1966  5.16  	4.86
1971  5.22  	4.86
1976  5.26  	4.91
1981  5.34  	5.07
1986  5.51  	5.18
1991  5.41  	5.13
1996  5.28  	5.00
