0 0.0185568
5 0.0051278
10 -0.0099244
15 -0.0050846
20 0.0060804
25 0.0033306
30 -0.004264
35 -0.00243
40 0.003166
45 0.0016374
50 -0.0016322
55 9.84e-05
60 0.002082
65 -0.0003348
70 -0.0013164
75 0.0014096
80 0.0018036
85 -0.0016816
90 -0.001996
95 0.0016812
100 0.0019832
105 -0.0020698
110 -0.0026786
115 0.0015962
120 0.0030664
125 -0.000469
130 -0.0022772
135 0.0003228
140 0.0018024
145 -0.0001694
150 -0.0014466
155 -9.78e-05
160 0.0006892
165 -0.0002122
170 -0.0003138
175 0.0005916
180 0.0002486
185 -0.0007018
190 -0.0001078
195 0.0009536
200 0.0001092
205 -0.001236
210 -0.0004326
215 0.0010296
220 0.0004468
225 -0.0010654
230 -0.000586
235 0.0008666
240 0.0006042
245 -0.0008858
250 -0.0008934
255 0.0004384
260 0.0007818
265 -0.0002162
270 -0.0005958
275 -6.9e-05
280 0.0001418
285 -0.0002726
290 -0.0002644
295 0.0001916
300 0.0002594
305 -5.92e-05
310 -0.0001532
315 -5.68e-05
320 -0.0001102
325 -0.000267
330 -0.0001076
335 0.0001626
340 1.68e-05
345 -0.0001828
350 2.96e-05
355 0.0001998
360 -0.0001634
365 -0.0003998
370 -2.4e-05
375 0.000271
380 1.72e-05
385 -0.0002582
390 4.86e-05
395 0.000325
400 3.08e-05
405 -0.0002196
410 6.04e-05
415 0.0002676
420 -4.32e-05
425 -0.0002728
430 1.04e-05
435 0.0002558
440 -6e-06
445 -0.0002648
450 -6.02e-05
455 0.0001422
460 4.38e-05
465 -0.0001142
470 -8.5e-05
475 -3.38e-05
480 -2.6e-05
485 0.0001114
490 0.000189
495 -0.0001328
500 -0.0003642
505 -1.06e-05
510 0.0003396
515 2.8e-05
520 -0.00032
525 -3.9e-05
530 0.00036
535 0.000165
540 -0.000168
545 -0.0001204
550 1.62e-05
555 -0.0001064
560 -7.34e-05
565 0.000265
570 0.0002394
575 -0.0001916
580 -0.0002972
585 0.0001866
590 0.000383
595 -7.28e-05
600 -0.0003534
605 5.5e-05
610 0.0002466
615 -0.0002154
620 -0.0004072
625 0.0002348
630 0.0004604
635 -0.0001832
640 -0.0005752
645 2.62e-05
650 0.0004678
655 6.2e-05
660 -0.0003314
665 -3.82e-05
670 0.0001658
675 -8.2e-05
680 -0.0001692
685 0.0001366
690 0.0001516
695 -0.0002154
700 -0.0002384
705 0.0001892
710 0.000246
715 -0.0001358
720 -0.0002156
725 5.7e-05
730 5.62e-05
735 -0.0001564
740 -3.12e-05
745 0.000225
750 3.94e-05
755 -0.0002714
760 -0.00017
765 0.000125
770 8.84e-05
775 -0.0001116
780 -8.14e-05
785 8.04e-05
790 3.54e-05
795 -7.86e-05
800 -2.6e-05
805 2.86e-05
810 -0.0001148
815 -0.0001796
820 2.28e-05
825 0.0001942
830 6.7e-05
835 -0.0001002
840 -4.7e-05
845 2.74e-05
850 -6.42e-05
855 -9.3e-05
860 -8.6e-06
865 2.48e-05
870 -3.62e-05
875 -1.06e-05
880 4.96e-05
885 -1.12e-05
890 -9.3e-05
895 -4.46e-05
900 2.18e-05
905 -2.18e-05
910 -5.14e-05
915 2.4e-05
920 5.98e-05
925 -3.5e-05
930 -8.5e-05
935 -9.2e-06
940 5.18e-05
945 -1.66e-05
950 -4.84e-05
955 2.44e-05
960 5.8e-05
965 -1.52e-05
970 -3e-05
975 3.22e-05
980 -4e-07
985 -0.0001078
990 -4.7e-05
995 0.0001008
1000 6.62e-05
1005 -9.52e-05
1010 -5.76e-05
1015 0.0001288
1020 0.0001036
1025 -0.000108
1030 -0.0001236
1035 5.7e-05
1040 9.98e-05
1045 -4.2e-05
1050 -9.18e-05
1055 1.92e-05
1060 6.46e-05
1065 -2.56e-05
1070 -6.58e-05
1075 2.2e-06
1080 3.68e-05
1085 7e-06
1090 -1.36e-05
1095 2.6e-06
1100 8.2e-06
1105 -1.46e-05
1110 -1.96e-05
1115 6e-06
1120 1.52e-05
1125 -1.84e-05
1130 -3.3e-05
1135 -1.2e-06
1140 2.1e-05
1145 6e-07
1150 -1.28e-05
1155 -8e-06
1160 -2.26e-05
1165 -4.3e-05
1170 -2.3e-05
1175 2.1e-05
1180 2.52e-05
1185 -2.04e-05
1190 -2.84e-05
1195 3.14e-05
1200 4.62e-05
1205 -7.4e-06
1210 -2.9e-05
1215 -1.6e-06
1220 8.2e-06
1225 -6e-06
1230 -1.8e-06
1235 1.32e-05
1240 -1.48e-05
1245 -2.3e-05
1250 1.78e-05
1255 5.34e-05
1260 1.84e-05
1265 -3.36e-05
1270 -3.64e-05
1275 1e-06
1280 1e-06
1285 -2.58e-05
1290 -1.74e-05
1295 3.02e-05
1300 3.66e-05
1305 -5.8e-06
1310 -3.76e-05
1315 -1.74e-05
1320 6.6e-06
1325 -2e-06
1330 -1.36e-05
1335 -1.4e-06
1340 7.8e-06
1345 -6e-06
1350 -1.48e-05
1355 8e-07
1360 1.48e-05
1365 -3.4e-06
1370 -1.86e-05
1375 3.8e-06
1380 2.24e-05
1385 -2e-07
1390 -1.84e-05
1395 1.8e-06
1400 1.52e-05
1405 -4e-06
1410 -2.16e-05
1415 -4e-06
1420 1.46e-05
1425 5.6e-06
1430 -1.24e-05
1435 -3e-06
1440 1.32e-05
1445 1.06e-05
1450 -5e-06
1455 -8.4e-06
1460 1.2e-06
1465 4.4e-06
1470 -8.4e-06
1475 -1.4e-05
1480 -3.6e-06
1485 3.8e-06
1490 -1.6e-06
1495 -6.2e-06
1500 1.8e-06
1505 8e-06
1510 -3.2e-06
1515 -1.3e-05
1520 -2.6e-06
1525 1.04e-05
1530 6.6e-06
1535 -1e-06
1540 -2e-06
1545 -2e-06
1550 -4.4e-06
1555 1e-06
1560 7e-06
1565 7.4e-06
1570 1.2e-06
1575 -1.6e-06
1580 6e-07
1585 2e-07
1590 -2e-06
1595 -2e-06
1600 2e-06
1605 4e-06
1610 2.2e-06
1615 2e-07
1620 -4e-07
1625 2.8e-06
1630 2e-06
1635 -5.8e-06
1640 -8.8e-06
1645 4e-07
1650 9.8e-06
1655 3.8e-06
1660 -8e-06
1665 -5.4e-06
1670 7e-06
1675 8.4e-06
1680 -2e-06
1685 -7e-06
1690 -3.2e-06
1695 1e-06
1700 -4e-07
1705 -1.4e-06
1710 1.4e-06
1715 2e-06
1720 -1e-06
1725 -2.4e-06
1730 -6e-07
1735 2.2e-06
1740 2e-06
1745 -1.69407e-22
1750 -6e-07
1755 -1.4e-06
1760 -2.4e-06
1765 -1.4e-06
1770 1.6e-06
1775 1.2e-06
1780 -1.4e-06
1785 4.23516e-23
1790 3e-06
1795 2.6e-06
1800 -4e-07
1805 -2.2e-06
1810 -2.2e-06
1815 -3e-06
1820 -2.4e-06
1825 1.4e-06
1830 5.2e-06
1835 6e-07
1840 -4.6e-06
1845 -2e-06
1850 4.4e-06
1855 3.6e-06
1860 -2.6e-06
1865 -3.6e-06
1870 1.4e-06
1875 2.8e-06
1880 -8e-07
1885 -2.2e-06
1890 1.2e-06
1895 1.8e-06
1900 -8e-07
1905 -1e-06
1910 1.6e-06
1915 1e-06
1920 -8e-07
1925 2e-07
1930 1e-06
1935 4.23516e-23
1940 -1.8e-06
1945 -2e-07
1950 1e-06
1955 -4e-07
1960 -1.6e-06
1965 6e-07
1970 2.6e-06
1975 6e-07
1980 -2.2e-06
1985 -1.6e-06
1990 1.4e-06
1995 6e-07
2000 -2e-06
2005 -1e-06
2010 1.8e-06
2015 1.8e-06
2020 -1.4e-06
2025 -1.8e-06
2030 8e-07
2035 6e-07
2040 -1e-06
2045 -6e-07
2050 8e-07
2055 -2e-07
2060 -1.4e-06
2065 -2e-07
2070 1.4e-06
2075 4e-07
2080 -8e-07
2085 0
2090 1.2e-06
2095 4e-07
2100 -1e-06
2105 -8e-07
2110 4e-07
2115 2e-07
2120 -8e-07
2125 -6e-07
2130 4e-07
2135 4e-07
2140 -4e-07
2145 -8e-07
2150 0
2155 6e-07
2160 6e-07
2165 0
2170 -4e-07
2175 -2e-07
2180 -2e-07
2185 -2e-07
2190 2e-07
2195 2e-07
2200 -2e-07
2205 -2e-07
2210 2e-07
2215 2e-07
2220 -2e-07
2225 2e-07
2230 0
2235 0
2240 0
2245 2e-07
2250 -2e-07
2255 -4e-07
2260 2e-07
2265 2e-07
2270 0
2275 -2e-07
2280 0
2285 2e-07
2290 0
2295 0
2300 2e-07
2305 0
2310 -2e-07
2315 0
2320 2e-07
2325 0
2330 -2e-07
2335 0
2340 2e-07
2345 0
2350 0
2355 0
2360 2e-07
2365 0
2370 0
2375 0
2380 -2e-07
2385 0
2390 0
2395 0
2400 0
2405 0
2410 0
2415 0
2420 0
2425 0
2430 0
2435 0
2440 0
2445 0
2450 0
2455 0
2460 0
2465 0
2470 0
2475 0
2480 0
2485 0
2490 0
2495 0
2500 0
2505 0
2510 0
2515 0
2520 0
2525 0
2530 0
2535 0
2540 0
2545 0
2550 0
2555 0
2560 0
2565 0
2570 0
2575 0
2580 0
2585 0
2590 0
2595 0
2600 0
2605 0
2610 0
2615 0
2620 0
2625 0
2630 0
2635 0
2640 0
2645 0
2650 0
2655 0
2660 0
2665 0
2670 0
2675 0
2680 0
2685 0
2690 0
2695 0
2700 0
2705 0
2710 0
2715 0
2720 0
2725 0
2730 0
2735 0
2740 0
2745 0
2750 0
2755 0
2760 0
2765 0
2770 0
2775 0
2780 0
2785 0
2790 0
2795 0
2800 0
2805 0
2810 0
2815 0
2820 0
2825 0
2830 0
2835 0
2840 0
2845 0
2850 0
2855 0
2860 0
2865 0
2870 0
2875 0
2880 0
2885 0
2890 0
2895 0
2900 0
2905 0
2910 0
2915 0
2920 0
2925 0
2930 0
2935 0
2940 0
2945 0
2950 0
2955 0
2960 0
2965 0
2970 0
2975 0
2980 0
2985 0
2990 0
2995 0
3000 0
3005 0
3010 0
3015 0
3020 0
3025 0
3030 0
3035 0
3040 0
3045 0
3050 0
3055 0
3060 0
3065 0
3070 0
3075 0
3080 0
3085 0
3090 0
3095 0
3100 0
3105 0
3110 0
3115 0
3120 0
3125 0
3130 0
3135 0
3140 0
3145 0
3150 0
3155 0
3160 0
3165 0
3170 0
3175 0
3180 0
3185 0
3190 0
3195 0
3200 0
3205 0
3210 0
3215 0
3220 0
3225 0
3230 0
3235 0
3240 0
3245 0
3250 0
3255 0
3260 0
3265 0
3270 0
3275 0
3280 0
3285 0
3290 0
3295 0
3300 0
3305 0
3310 0
3315 0
3320 0
3325 0
3330 0
3335 0
3340 0
3345 0
3350 0
3355 0
3360 0
3365 0
3370 0
3375 0
3380 0
3385 0
3390 0
3395 0
3400 0
3405 0
3410 0
3415 0
3420 0
3425 0
3430 0
3435 0
3440 0
3445 0
3450 0
3455 0
3460 0
3465 0
3470 0
3475 0
3480 0
3485 0
3490 0
3495 0
3500 0
3505 0
3510 0
3515 0
3520 0
3525 0
3530 0
3535 0
3540 0
3545 0
3550 0
3555 0
3560 0
3565 0
3570 0
3575 0
3580 0
3585 0
3590 0
3595 0
3600 0
3605 0
3610 0
3615 0
3620 0
3625 0
3630 0
3635 0
3640 0
3645 0
3650 0
3655 0
3660 0
3665 0
3670 0
3675 0
3680 0
3685 0
3690 0
3695 0
3700 0
3705 0
3710 0
3715 0
3720 0
3725 0
3730 0
3735 0
3740 0
3745 0
3750 0
3755 0
3760 0
3765 0
3770 0
3775 0
3780 0
3785 0
3790 0
3795 0
3800 0
3805 0
3810 0
3815 0
3820 0
3825 0
3830 0
3835 0
3840 0
3845 0
3850 0
3855 0
3860 0
3865 0
3870 0
3875 0
3880 0
3885 0
3890 0
3895 0
3900 0
3905 0
3910 0
3915 0
3920 0
3925 0
3930 0
3935 0
3940 0
3945 0
3950 0
3955 0
3960 0
3965 0
3970 0
3975 0
3980 0
3985 0
3990 0
3995 0
