0 0.0102164
5 0.0044192
10 -0.0033096
15 -0.0049072
20 -0.0004606
25 0.002429
30 0.0009562
35 -0.0015356
40 -0.0008522
45 0.0014936
50 0.0021842
55 0.0002162
60 -0.0013984
65 -0.0009972
70 0.0004152
75 0.0005834
80 -9.4e-05
85 -0.0002074
90 0.00063
95 0.000966
100 6.02e-05
105 -0.0010974
110 -0.0010054
115 2.02e-05
120 0.0007598
125 0.0006548
130 0.0002926
135 0.000146
140 1.8e-06
145 -0.0003374
150 -0.0005688
155 -0.0003222
160 0.0002288
165 0.0004952
170 0.0002084
175 -0.0001234
180 -8.54e-05
185 0.0002316
190 0.0002366
195 -0.0001906
200 -0.000503
205 -0.00019
210 0.0002998
215 0.000432
220 7.62e-05
225 -0.0001896
230 -0.0001404
235 2.26e-05
240 -2.32e-05
245 -0.0001068
250 -6.1e-05
255 0.0001034
260 0.0001702
265 4.38e-05
270 -0.0001182
275 -0.0001996
280 -0.000193
285 -5e-05
290 6.8e-05
295 6.94e-05
300 -2.88e-05
305 -3.92e-05
310 9e-06
315 6.74e-05
320 1.6e-06
325 -5.98e-05
330 -7.6e-05
335 -4.7e-05
340 -7e-06
345 3.54e-05
350 3.56e-05
355 -8.8e-05
360 -0.0001586
365 -0.0001178
370 1.48e-05
375 7.88e-05
380 3.98e-05
385 -2.58e-05
390 -6.34e-05
395 -8e-05
400 -5.28e-05
405 2.68e-05
410 2.46e-05
415 -7.22e-05
420 -0.0001018
425 -5.56e-05
430 1.64e-05
435 4.68e-05
440 2.06e-05
445 -1.86e-05
450 -7.56e-05
455 -9.58e-05
460 -2.72e-05
465 -5.4e-06
470 -2.84e-05
475 -2.36e-05
480 4.14e-05
485 8.1e-05
490 -5e-06
495 -0.0001028
500 -5.98e-05
505 4.54e-05
510 6.74e-05
515 -2.6e-05
520 -7.46e-05
525 -2.14e-05
530 1.54e-05
535 -1.64e-05
540 -7.22e-05
545 -2.98e-05
550 5.24e-05
555 2.26e-05
560 -9.64e-05
565 -9.42e-05
570 8.66e-05
575 0.0001964
580 4.46e-05
585 -0.0002084
590 -0.0002116
595 3.68e-05
600 0.0001914
605 8.66e-05
610 -0.0001084
615 -0.0001472
620 -1.9e-05
625 9.18e-05
630 1.54e-05
635 -8.9e-05
640 -7.56e-05
645 5.18e-05
650 9.5e-05
655 -1.24e-05
660 -9.84e-05
665 -3.04e-05
670 6.18e-05
675 3.78e-05
680 -8.42e-05
685 -0.0001482
690 -5.88e-05
695 6.18e-05
700 8.56e-05
705 2.2e-06
710 -5.94e-05
715 -5.22e-05
720 -2.28e-05
725 -6.76e-05
730 -9.72e-05
735 -5e-05
740 5.74e-05
745 7.52e-05
750 3.34e-05
755 -1.56e-05
760 -2.6e-05
765 -4.5e-05
770 -7.4e-05
775 -4.68e-05
780 5.38e-05
785 8.86e-05
790 1.68e-05
795 -5.2e-05
800 -3.38e-05
805 -2.4e-06
810 -2.78e-05
815 -8.06e-05
820 -4.66e-05
825 6.56e-05
830 0.000109
835 6.2e-06
840 -0.0001068
845 -7.48e-05
850 2.88e-05
855 4.18e-05
860 -4.28e-05
865 -8.48e-05
870 -9.8e-06
875 8.84e-05
880 8.14e-05
885 -4.42e-05
890 -0.000114
895 -5.82e-05
900 4.2e-05
905 3.84e-05
910 -1.96e-05
915 -2.9e-05
920 2.5e-05
925 3.96e-05
930 -2.3e-05
935 -8.08e-05
940 -3.94e-05
945 4.36e-05
950 7.28e-05
955 3.14e-05
960 4.8e-06
965 -1.24e-05
970 -2.62e-05
975 -4.38e-05
980 -4.4e-05
985 -1.68e-05
990 1.5e-05
995 1.12e-05
1000 -7.8e-06
1005 6e-07
1010 3.5e-05
1015 2.98e-05
1020 -4.06e-05
1025 -7.72e-05
1030 -2.38e-05
1035 4.46e-05
1040 3.84e-05
1045 -1e-05
1050 -2.48e-05
1055 8.8e-06
1060 3.2e-05
1065 3.2e-06
1070 -4.24e-05
1075 -4.66e-05
1080 -2.4e-06
1085 3.3e-05
1090 1.98e-05
1095 -2.14e-05
1100 -2.9e-05
1105 1.4e-06
1110 1.92e-05
1115 -1.04e-05
1120 -3.66e-05
1125 -2.14e-05
1130 1.78e-05
1135 2.46e-05
1140 -4.2e-06
1145 -2.06e-05
1150 -7.4e-06
1155 -6e-07
1160 -1.02e-05
1165 -2.04e-05
1170 -5.4e-06
1175 2.28e-05
1180 2.34e-05
1185 -1.6e-06
1190 -2.48e-05
1195 -2.88e-05
1200 -2e-05
1205 -1.26e-05
1210 -8.2e-06
1215 6.4e-06
1220 9.2e-06
1225 8e-07
1230 -1.04e-05
1235 -6.8e-06
1240 4.6e-06
1245 5.2e-06
1250 -1.64e-05
1255 -1.42e-05
1260 5.8e-06
1265 2.16e-05
1270 2.8e-06
1275 -2.38e-05
1280 -3e-05
1285 -3.6e-06
1290 1.44e-05
1295 1.14e-05
1300 -7.6e-06
1305 -1.52e-05
1310 -4e-06
1315 1.62e-05
1320 1.48e-05
1325 -6.8e-06
1330 -2.44e-05
1335 -9.8e-06
1340 1.7e-05
1345 2.14e-05
1350 1.6e-06
1355 -1.84e-05
1360 -1.34e-05
1365 1.4e-05
1370 2.86e-05
1375 1.54e-05
1380 -7.4e-06
1385 -1.58e-05
1390 -6.2e-06
1395 5.6e-06
1400 7.6e-06
1405 1.2e-06
1410 -8.6e-06
1415 -1.02e-05
1420 -1.8e-06
1425 9.6e-06
1430 1.2e-05
1435 2.4e-06
1440 -8.4e-06
1445 -8e-06
1450 5.8e-06
1455 1.18e-05
1460 1e-06
1465 -1.32e-05
1470 -1.3e-05
1475 1.4e-06
1480 1.26e-05
1485 7.4e-06
1490 -2.2e-06
1495 -4.6e-06
1500 2e-06
1505 5e-06
1510 2e-06
1515 -4.8e-06
1520 -4.8e-06
1525 2.4e-06
1530 8.8e-06
1535 5.6e-06
1540 -1.2e-06
1545 -3.4e-06
1550 -1.2e-06
1555 8e-07
1560 -1.2e-06
1565 -6e-07
1570 4.8e-06
1575 7e-06
1580 3.6e-06
1585 -3.8e-06
1590 -7.2e-06
1595 -4.8e-06
1600 1.4e-06
1605 4.8e-06
1610 4.8e-06
1615 1.8e-06
1620 -1.6e-06
1625 -2.4e-06
1630 -1.8e-06
1635 -2.8e-06
1640 -1.8e-06
1645 6e-07
1650 2e-06
1655 2e-07
1660 -6e-07
1665 4e-07
1670 1.4e-06
1675 4e-07
1680 -2.6e-06
1685 -3.6e-06
1690 -1e-06
1695 3.8e-06
1700 5.4e-06
1705 1.8e-06
1710 -2.8e-06
1715 -4.4e-06
1720 -1.4e-06
1725 2.6e-06
1730 2.6e-06
1735 0
1740 -1.8e-06
1745 1.69407e-22
1750 2.2e-06
1755 1.6e-06
1760 -1.6e-06
1765 -4.2e-06
1770 -2.2e-06
1775 1.4e-06
1780 2.8e-06
1785 8e-07
1790 -2.2e-06
1795 -1.8e-06
1800 8e-07
1805 2.2e-06
1810 8e-07
1815 -1.6e-06
1820 -1e-06
1825 1.6e-06
1830 2.6e-06
1835 8e-07
1840 -2e-06
1845 -2.6e-06
1850 -1e-06
1855 1.4e-06
1860 1.4e-06
1865 2e-07
1870 -1e-06
1875 -2e-07
1880 6e-07
1885 8.47033e-23
1890 -8e-07
1895 -4e-07
1900 6e-07
1905 6e-07
1910 0
1915 -2e-07
1920 6e-07
1925 6e-07
1930 0
1935 -8e-07
1940 -4e-07
1945 2e-07
1950 -6e-07
1955 -1e-06
1960 -2e-07
1965 1.4e-06
1970 1.4e-06
1975 2e-07
1980 -1e-06
1985 -1e-06
1990 -2e-07
1995 4e-07
2000 4e-07
2005 -2e-07
2010 0
2015 6e-07
2020 2e-07
2025 -4e-07
2030 -6e-07
2035 -6e-07
2040 0
2045 0
2050 2e-07
2055 0
2060 0
2065 -2e-07
2070 0
2075 0
2080 -2e-07
2085 -4e-07
2090 -2e-07
2095 4e-07
2100 4e-07
2105 2e-07
2110 -2e-07
2115 0
2120 0
2125 0
2130 0
2135 0
2140 0
2145 2e-07
2150 0
2155 0
2160 0
2165 2e-07
2170 0
2175 0
2180 -2e-07
2185 0
2190 4e-07
2195 4e-07
2200 2e-07
2205 -4e-07
2210 -2e-07
2215 2e-07
2220 0
2225 -2e-07
2230 0
2235 0
2240 2e-07
2245 0
2250 0
2255 0
2260 0
2265 0
2270 0
2275 0
2280 0
2285 0
2290 0
2295 0
2300 0
2305 0
2310 0
2315 0
2320 0
2325 -2e-07
2330 0
2335 0
2340 0
2345 0
2350 0
2355 0
2360 0
2365 0
2370 0
2375 0
2380 0
2385 0
2390 0
2395 0
2400 0
2405 0
2410 0
2415 0
2420 0
2425 0
2430 0
2435 0
2440 0
2445 0
2450 0
2455 0
2460 0
2465 0
2470 0
2475 0
2480 0
2485 0
2490 0
2495 0
2500 0
2505 0
2510 0
2515 0
2520 0
2525 0
2530 0
2535 0
2540 0
2545 0
2550 0
2555 0
2560 0
2565 0
2570 0
2575 0
2580 0
2585 0
2590 0
2595 0
2600 0
2605 0
2610 0
2615 0
2620 0
2625 0
2630 0
2635 0
2640 0
2645 0
2650 0
2655 0
2660 0
2665 0
2670 0
2675 0
2680 0
2685 0
2690 0
2695 0
2700 0
2705 0
2710 0
2715 0
2720 0
2725 0
2730 0
2735 0
2740 0
2745 0
2750 0
2755 0
2760 0
2765 0
2770 0
2775 0
2780 0
2785 0
2790 0
2795 0
2800 0
2805 0
2810 0
2815 0
2820 0
2825 0
2830 0
2835 0
2840 0
2845 0
2850 0
2855 0
2860 0
2865 0
2870 0
2875 0
2880 0
2885 0
2890 0
2895 0
2900 0
2905 0
2910 0
2915 0
2920 0
2925 0
2930 0
2935 0
2940 0
2945 0
2950 0
2955 0
2960 0
2965 0
2970 0
2975 0
2980 0
2985 0
2990 0
2995 0
3000 0
3005 0
3010 0
3015 0
3020 0
3025 0
3030 0
3035 0
3040 0
3045 0
3050 0
3055 0
3060 0
3065 0
3070 0
3075 0
3080 0
3085 0
3090 0
3095 0
3100 0
3105 0
3110 0
3115 0
3120 0
3125 0
3130 0
3135 0
3140 0
3145 0
3150 0
3155 0
3160 0
3165 0
3170 0
3175 0
3180 0
3185 0
3190 0
3195 0
3200 0
3205 0
3210 0
3215 0
3220 0
3225 0
3230 0
3235 0
3240 0
3245 0
3250 0
3255 0
3260 0
3265 0
3270 0
3275 0
3280 0
3285 0
3290 0
3295 0
3300 0
3305 0
3310 0
3315 0
3320 0
3325 0
3330 0
3335 0
3340 0
3345 0
3350 0
3355 0
3360 0
3365 0
3370 0
3375 0
3380 0
3385 0
3390 0
3395 0
3400 0
3405 0
3410 0
3415 0
3420 0
3425 0
3430 0
3435 0
3440 0
3445 0
3450 0
3455 0
3460 0
3465 0
3470 0
3475 0
3480 0
3485 0
3490 0
3495 0
3500 0
3505 0
3510 0
3515 0
3520 0
3525 0
3530 0
3535 0
3540 0
3545 0
3550 0
3555 0
3560 0
3565 0
3570 0
3575 0
3580 0
3585 0
3590 0
3595 0
3600 0
3605 0
3610 0
3615 0
3620 0
3625 0
3630 0
3635 0
3640 0
3645 0
3650 0
3655 0
3660 0
3665 0
3670 0
3675 0
3680 0
3685 0
3690 0
3695 0
3700 0
3705 0
3710 0
3715 0
3720 0
3725 0
3730 0
3735 0
3740 0
3745 0
3750 0
3755 0
3760 0
3765 0
3770 0
3775 0
3780 0
3785 0
3790 0
3795 0
3800 0
3805 0
3810 0
3815 0
3820 0
3825 0
3830 0
3835 0
3840 0
3845 0
3850 0
3855 0
3860 0
3865 0
3870 0
3875 0
3880 0
3885 0
3890 0
3895 0
3900 0
3905 0
3910 0
3915 0
3920 0
3925 0
3930 0
3935 0
3940 0
3945 0
3950 0
3955 0
3960 0
3965 0
3970 0
3975 0
3980 0
3985 0
3990 0
3995 0
