0 0.013706
5 0.0057028
10 -0.0032056
15 -0.0048314
20 0.0005142
25 0.0036956
30 0.001622
35 -0.0014206
40 -0.0002876
45 0.003191
50 0.0043272
55 0.0012466
60 -0.001952
65 -0.0019102
70 0.000979
75 0.0024026
80 0.0013618
85 7.94e-05
90 0.001215
95 0.0024694
100 0.0009396
105 -0.0021176
110 -0.0024718
115 0.0004852
120 0.0034316
125 0.0032122
130 0.0013078
135 6.38e-05
140 -1.86e-05
145 -0.0002456
150 -0.0009454
155 -0.000933
160 0.0004448
165 0.0022622
170 0.0026172
175 0.0011742
180 -0.0001322
185 -0.0001546
190 0.000359
195 -9.96e-05
200 -0.0010468
205 -0.0002836
210 0.001783
215 0.0027428
220 0.0011586
225 -0.0008438
230 -0.000958
235 0.000266
240 0.0005224
245 -0.0002616
250 -0.0001184
255 0.0015266
260 0.0025854
265 0.001023
270 -0.0019658
275 -0.0028126
280 -0.0003398
285 0.0027158
290 0.0025536
295 -7.72e-05
300 -0.0012466
305 0.000579
310 0.0021588
315 0.0005344
320 -0.0022264
325 -0.0022926
330 0.0004788
335 0.0026444
340 0.0019926
345 1.2e-05
350 -0.0007512
355 -3.74e-05
360 0.000513
365 -0.000217
370 -0.0010488
375 -0.00026
380 0.0015218
385 0.0020562
390 0.0004826
395 -0.0013304
400 -0.0012154
405 0.0001712
410 0.0008112
415 0.0002758
420 5.7e-05
425 0.0005524
430 0.0008162
435 0.0002098
440 -0.000554
445 -0.000708
450 -0.000326
455 0.0001388
460 0.000436
465 0.0006072
470 0.0006704
475 0.0005614
480 0.0002088
485 -0.0005098
490 -0.0011308
495 -0.000829
500 0.000405
505 0.0012368
510 0.0009874
515 0.0002576
520 -0.0001274
525 -0.0003244
530 -0.0004802
535 -0.000458
540 2.72e-05
545 0.0005332
550 0.0005316
555 0.0001028
560 -9.44e-05
565 7.54e-05
570 0.0002242
575 -9.06e-05
580 -0.0005312
585 -0.0005232
590 0.0002754
595 0.0010462
600 0.0008742
605 -0.0001892
610 -0.001009
615 -0.000817
620 -5.08e-05
625 0.0004304
630 0.0004124
635 0.0002962
640 0.0003688
645 0.0002226
650 -0.0001464
655 -0.0005202
660 -0.0004982
665 -0.0001834
670 9.8e-05
675 0.000241
680 0.0002176
685 0.000187
690 0.0001398
695 -1.64e-05
700 -0.0002938
705 -0.0004402
710 -0.0002364
715 0.0001524
720 0.0003498
725 0.000271
730 7.02e-05
735 -0.0001464
740 -0.0003288
745 -0.0003802
750 -0.0001692
755 0.0001934
760 0.0003686
765 0.0003098
770 4.24e-05
775 -0.0002164
780 -0.000318
785 -0.0002624
790 -0.0001408
795 -1.04e-05
800 8.06e-05
805 0.0002394
810 0.0003098
815 0.0001208
820 -0.0001714
825 -0.0002778
830 -0.000204
835 -0.000155
840 -0.000101
845 9e-05
850 0.0002948
855 0.0003104
860 1.54e-05
865 -0.0002606
870 -0.0003428
875 -0.0002104
880 1.1e-05
885 0.0001938
890 0.0001996
895 2.92e-05
900 -0.0001542
905 -0.0001694
910 -0.0001014
915 -6.78e-05
920 -9.24e-05
925 -1.94e-05
930 8.76e-05
935 0.0001496
940 7.58e-05
945 -4.36e-05
950 -0.0001662
955 -0.0002314
960 -0.0002114
965 -3.16e-05
970 0.000129
975 0.000177
980 9.5e-05
985 -1.7e-05
990 -8.66e-05
995 -0.000171
1000 -0.0001848
1005 -8.36e-05
1010 5.1e-05
1015 0.0001286
1020 0.0001114
1025 1.34e-05
1030 -0.0001106
1035 -0.000139
1040 -7.44e-05
1045 -1.48e-05
1050 -6.4e-06
1055 -2.94e-05
1060 -4e-07
1065 3.98e-05
1070 1.56e-05
1075 -7.46e-05
1080 -0.0001368
1085 -0.000132
1090 -6.1e-05
1095 1.92e-05
1100 6.02e-05
1105 6.3e-05
1110 1.98e-05
1115 -5.16e-05
1120 -0.000141
1125 -0.0001654
1130 -0.0001048
1135 2.2e-05
1140 9.52e-05
1145 7.04e-05
1150 -1.8e-05
1155 -6.18e-05
1160 -5.4e-05
1165 -5.66e-05
1170 -6.46e-05
1175 -4.76e-05
1180 -2.66e-05
1185 -1.54e-05
1190 4.8e-06
1195 1.52e-05
1200 -6.8e-06
1205 -6.94e-05
1210 -0.0001122
1215 -9e-05
1220 -8.2e-06
1225 5.8e-05
1230 5.64e-05
1235 -2e-06
1240 -6.72e-05
1245 -8.5e-05
1250 -6.32e-05
1255 -3.16e-05
1260 -2.68e-05
1265 -2.58e-05
1270 1.72e-05
1275 4.54e-05
1280 1.08e-05
1285 -5.86e-05
1290 -7.96e-05
1295 -5.28e-05
1300 -1.8e-05
1305 -1.1e-05
1310 -8.2e-06
1315 1.2e-06
1320 9.2e-06
1325 2.2e-06
1330 -1.84e-05
1335 -5.44e-05
1340 -6.68e-05
1345 -3.66e-05
1350 1.1e-05
1355 2.94e-05
1360 8e-06
1365 -1.98e-05
1370 -2.72e-05
1375 -2.62e-05
1380 -3.26e-05
1385 -3.38e-05
1390 -4.8e-06
1395 1.98e-05
1400 1.84e-05
1405 -7e-06
1410 -2.86e-05
1415 -3.72e-05
1420 -2.58e-05
1425 -1.38e-05
1430 -1.36e-05
1435 -1.1e-05
1440 -1.8e-06
1445 1.58e-05
1450 1.44e-05
1455 -1.3e-05
1460 -4.04e-05
1465 -3.8e-05
1470 -1.88e-05
1475 -2.6e-06
1480 3.6e-06
1485 5.6e-06
1490 1.8e-06
1495 -1.64e-05
1500 -3.3e-05
1505 -3.14e-05
1510 -1.02e-05
1515 3.4e-06
1520 1.6e-06
1525 -6e-06
1530 -9.8e-06
1535 -6.6e-06
1540 -7e-06
1545 -1.74e-05
1550 -3.1e-05
1555 -2.46e-05
1560 -6e-07
1565 1.1e-05
1570 2e-07
1575 -1.44e-05
1580 -1.64e-05
1585 -1.08e-05
1590 -1.08e-05
1595 -1.82e-05
1600 -1.46e-05
1605 -1.6e-06
1610 9.2e-06
1615 3.6e-06
1620 -8.8e-06
1625 -1.92e-05
1630 -1.74e-05
1635 -8e-06
1640 -1.4e-06
1645 -3.8e-06
1650 -6.6e-06
1655 -4e-06
1660 -2e-07
1665 -4.4e-06
1670 -1.46e-05
1675 -1.72e-05
1680 -8.4e-06
1685 -2.4e-06
1690 -2.4e-06
1695 -4.6e-06
1700 -2.2e-06
1705 -2.2e-06
1710 -5.8e-06
1715 -1.12e-05
1720 -1.2e-05
1725 -5.2e-06
1730 2.2e-06
1735 5.8e-06
1740 2e-07
1745 -7.4e-06
1750 -9e-06
1755 -5.8e-06
1760 -4.4e-06
1765 -6.8e-06
1770 -6e-06
1775 4e-07
1780 4e-06
1785 1.6e-06
1790 -4.6e-06
1795 -7e-06
1800 -5.6e-06
1805 -3.2e-06
1810 -3e-06
1815 -1.6e-06
1820 1e-06
1825 1.6e-06
1830 -2e-07
1835 -4.8e-06
1840 -8.4e-06
1845 -6.4e-06
1850 -6e-07
1855 3e-06
1860 6e-07
1865 -2.4e-06
1870 -1.6e-06
1875 -6e-07
1880 -2.6e-06
1885 -6.6e-06
1890 -5.6e-06
1895 -6e-07
1900 3e-06
1905 2.4e-06
1910 -1e-06
1915 -3.2e-06
1920 -2.8e-06
1925 -2.4e-06
1930 -2.8e-06
1935 -3.4e-06
1940 -1.6e-06
1945 1.6e-06
1950 2.2e-06
1955 -8e-07
1960 -3.8e-06
1965 -4.2e-06
1970 -2.2e-06
1975 -4e-07
1980 -8e-07
1985 -4e-07
1990 4e-07
1995 6e-07
2000 -1e-06
2005 -2.8e-06
2010 -3.2e-06
2015 -2e-06
2020 -2e-07
2025 8e-07
2030 2e-07
2035 -8e-07
2040 -8e-07
2045 -6e-07
2050 -1.6e-06
2055 -2.6e-06
2060 -2e-06
2065 -2e-07
2070 1.2e-06
2075 1e-06
2080 -2e-07
2085 -8e-07
2090 -1e-06
2095 -1.4e-06
2100 -1.2e-06
2105 -6e-07
2110 4e-07
2115 8e-07
2120 2e-07
2125 -1e-06
2130 -1.6e-06
2135 -1e-06
2140 -6e-07
2145 -2e-07
2150 -4e-07
2155 0
2160 4e-07
2165 4e-07
2170 -6e-07
2175 -1e-06
2180 -1.2e-06
2185 -4e-07
2190 2e-07
2195 0
2200 -2e-07
2205 0
2210 0
2215 -6e-07
2220 -8e-07
2225 -1e-06
2230 -2e-07
2235 2e-07
2240 4e-07
2245 2e-07
2250 -6e-07
2255 -4e-07
2260 -4e-07
2265 -2e-07
2270 -4e-07
2275 -2e-07
2280 2e-07
2285 2e-07
2290 2e-07
2295 -2e-07
2300 -4e-07
2305 -4e-07
2310 -2e-07
2315 0
2320 0
2325 0
2330 2e-07
2335 0
2340 0
2345 -2e-07
2350 -2e-07
2355 -2e-07
2360 0
2365 0
2370 0
2375 0
2380 0
2385 0
2390 -2e-07
2395 -2e-07
2400 0
2405 0
2410 0
2415 0
2420 0
2425 0
2430 0
2435 0
2440 0
2445 0
2450 0
2455 0
2460 0
2465 0
2470 0
2475 0
2480 0
2485 0
2490 0
2495 0
2500 0
2505 0
2510 0
2515 0
2520 0
2525 0
2530 0
2535 0
2540 0
2545 0
2550 0
2555 0
2560 0
2565 0
2570 0
2575 0
2580 0
2585 0
2590 0
2595 0
2600 0
2605 0
2610 0
2615 0
2620 0
2625 0
2630 0
2635 0
2640 0
2645 0
2650 0
2655 0
2660 0
2665 0
2670 0
2675 0
2680 0
2685 0
2690 0
2695 0
2700 0
2705 0
2710 0
2715 0
2720 0
2725 0
2730 0
2735 0
2740 0
2745 0
2750 0
2755 0
2760 0
2765 0
2770 0
2775 0
2780 0
2785 0
2790 0
2795 0
2800 0
2805 0
2810 0
2815 0
2820 0
2825 0
2830 0
2835 0
2840 0
2845 0
2850 0
2855 0
2860 0
2865 0
2870 0
2875 0
2880 0
2885 0
2890 0
2895 0
2900 0
2905 0
2910 0
2915 0
2920 0
2925 0
2930 0
2935 0
2940 0
2945 0
2950 0
2955 0
2960 0
2965 0
2970 0
2975 0
2980 0
2985 0
2990 0
2995 0
3000 0
3005 0
3010 0
3015 0
3020 0
3025 0
3030 0
3035 0
3040 0
3045 0
3050 0
3055 0
3060 0
3065 0
3070 0
3075 0
3080 0
3085 0
3090 0
3095 0
3100 0
3105 0
3110 0
3115 0
3120 0
3125 0
3130 0
3135 0
3140 0
3145 0
3150 0
3155 0
3160 0
3165 0
3170 0
3175 0
3180 0
3185 0
3190 0
3195 0
3200 0
3205 0
3210 0
3215 0
3220 0
3225 0
3230 0
3235 0
3240 0
3245 0
3250 0
3255 0
3260 0
3265 0
3270 0
3275 0
3280 0
3285 0
3290 0
3295 0
3300 0
3305 0
3310 0
3315 0
3320 0
3325 0
3330 0
3335 0
3340 0
3345 0
3350 0
3355 0
3360 0
3365 0
3370 0
3375 0
3380 0
3385 0
3390 0
3395 0
3400 0
3405 0
3410 0
3415 0
3420 0
3425 0
3430 0
3435 0
3440 0
3445 0
3450 0
3455 0
3460 0
3465 0
3470 0
3475 0
3480 0
3485 0
3490 0
3495 0
3500 0
3505 0
3510 0
3515 0
3520 0
3525 0
3530 0
3535 0
3540 0
3545 0
3550 0
3555 0
3560 0
3565 0
3570 0
3575 0
3580 0
3585 0
3590 0
3595 0
3600 0
3605 0
3610 0
3615 0
3620 0
3625 0
3630 0
3635 0
3640 0
3645 0
3650 0
3655 0
3660 0
3665 0
3670 0
3675 0
3680 0
3685 0
3690 0
3695 0
3700 0
3705 0
3710 0
3715 0
3720 0
3725 0
3730 0
3735 0
3740 0
3745 0
3750 0
3755 0
3760 0
3765 0
3770 0
3775 0
3780 0
3785 0
3790 0
3795 0
3800 0
3805 0
3810 0
3815 0
3820 0
3825 0
3830 0
3835 0
3840 0
3845 0
3850 0
3855 0
3860 0
3865 0
3870 0
3875 0
3880 0
3885 0
3890 0
3895 0
3900 0
3905 0
3910 0
3915 0
3920 0
3925 0
3930 0
3935 0
3940 0
3945 0
3950 0
3955 0
3960 0
3965 0
3970 0
3975 0
3980 0
3985 0
3990 0
3995 0
