0 0.0362284
5 0.0169792
10 -0.0041414
15 0.0024052
20 0.0191576
25 0.0145294
30 0.00062
35 0.0026814
40 0.0137784
45 0.0124534
50 0.0048406
55 0.0066912
60 0.0119638
65 0.0078232
70 0.0036048
75 0.008453
80 0.0119432
85 0.0046876
90 0.0009028
95 0.0083642
100 0.012298
105 0.0032732
110 -0.001137
115 0.0094368
120 0.0167248
125 0.0063798
130 -0.0034374
135 0.0039168
140 0.0135936
145 0.0077162
150 -0.0026304
155 0.00021
160 0.0093226
165 0.0095182
170 0.0040876
175 0.00409
180 0.0066568
185 0.0049726
190 0.0034586
195 0.0059012
200 0.0055062
205 0.0008394
210 0.0010968
215 0.0078706
220 0.0087504
225 0.0011956
230 -0.000899
235 0.0068612
240 0.0095512
245 0.0013082
250 -0.0028078
255 0.0054174
260 0.0110584
265 0.0036304
270 -0.0041948
275 0.0002886
280 0.0078018
285 0.0063302
290 0.0011548
295 0.0019758
300 0.0051328
305 0.0039456
310 0.0018122
315 0.0028566
320 0.0029016
325 6.36e-05
330 0.0006582
335 0.005917
340 0.0066774
345 0.0006156
350 -0.0019514
355 0.0034272
360 0.006781
365 0.0018836
370 -0.0022476
375 0.0016204
380 0.0058152
385 0.0028884
390 -0.001354
395 0.000612
400 0.0046358
405 0.0034942
410 -0.0001018
415 0.000127
420 0.0029236
425 0.0033234
430 0.0015546
435 0.0005948
440 0.0006026
445 0.00083
450 0.001896
455 0.0028238
460 0.0015476
465 -0.0004326
470 0.0007862
475 0.0036314
480 0.002955
485 -0.0007832
490 -0.001548
495 0.0016484
500 0.0031952
505 0.0009344
510 -0.000437
515 0.0014082
520 0.0027616
525 0.0010952
530 -0.0006252
535 -3.58e-05
540 0.0012022
545 0.0013472
550 0.0010874
555 0.000917
560 0.0003188
565 0.0001442
570 0.0012848
575 0.0017288
580 -5.92e-05
585 -0.0013512
590 0.0006468
595 0.0029594
600 0.001379
605 -0.0017464
610 -0.0014004
615 0.0016482
620 0.0021932
625 -8.66e-05
630 -0.0009096
635 0.0009484
640 0.0018768
645 0.000311
650 -0.0009192
655 -0.00016
660 0.0007734
665 0.0004302
670 -2.76e-05
675 0.0003368
680 0.0006194
685 0.0004696
690 0.0004108
695 0.0004188
700 -0.0001398
705 -0.0005368
710 4.1e-05
715 0.0006118
720 3.64e-05
725 -0.0006768
730 -3.92e-05
735 0.0009592
740 0.000555
745 -0.0006478
750 -0.0006084
755 0.0005068
760 0.0007808
765 -7.68e-05
770 -0.000673
775 -0.0003296
780 0.000188
785 0.0001758
790 -8.28e-05
795 -0.0002944
800 -0.0002028
805 0.000314
810 0.0006998
815 0.0001684
820 -0.0007038
825 -0.0006688
830 0.0001774
835 0.000245
840 -0.0005304
845 -0.000671
850 0.0003644
855 0.0008836
860 -8.8e-06
865 -0.00089
870 -0.0004802
875 0.0003574
880 0.000267
885 -0.000366
890 -0.0004294
895 -3.32e-05
900 6.36e-05
905 -0.0001244
910 -0.0001536
915 -7.3e-05
920 -6e-05
925 4.62e-05
930 0.000261
935 0.0001326
940 -0.0002998
945 -0.0004044
950 -1.98e-05
955 0.0001358
960 -0.0002412
965 -0.0003764
970 9.34e-05
975 0.0004332
980 8.6e-06
985 -0.0004796
990 -0.0002538
995 0.0002092
1000 7.68e-05
1005 -0.0003676
1010 -0.0004292
1015 -4.92e-05
1020 0.0001898
1025 6.02e-05
1030 -0.000205
1035 -0.0002722
1040 -0.000127
1045 6.48e-05
1050 2.16e-05
1055 -0.0002442
1060 -0.0003968
1065 -0.0001356
1070 0.0001442
1075 -4.96e-05
1080 -0.0004332
1085 -0.000343
1090 8.9e-05
1095 0.0001682
1100 -0.0001986
1105 -0.0003144
1110 -2.1e-05
1115 0.0001228
1120 -0.0001692
1125 -0.0004172
1130 -0.0002878
1135 -1.1e-05
1140 3.84e-05
1145 -6.14e-05
1150 -0.0001612
1155 -0.000185
1160 -0.000127
1165 -3.34e-05
1170 -5.4e-05
1175 -0.0002414
1180 -0.0003112
1185 -8.58e-05
1190 0.0001038
1195 -7.24e-05
1200 -0.0003372
1205 -0.000259
1210 2.76e-05
1215 3.44e-05
1220 -0.0002276
1225 -0.0002834
1230 -4.54e-05
1235 5.34e-05
1240 -0.0001442
1245 -0.0002896
1250 -0.00017
1255 2.4e-06
1260 -2.26e-05
1265 -0.0001424
1270 -0.0001696
1275 -9.8e-05
1280 -4.34e-05
1285 -5.58e-05
1290 -0.0001334
1295 -0.0002018
1300 -0.000159
1305 -4.82e-05
1310 -1.84e-05
1315 -0.0001202
1320 -0.000179
1325 -7.64e-05
1330 1.76e-05
1335 -6.48e-05
1340 -0.0002046
1345 -0.0001868
1350 -5.54e-05
1355 -2.26e-05
1360 -0.00012
1365 -0.0001724
1370 -0.0001118
1375 -4.9e-05
1380 -7e-05
1385 -0.000126
1390 -0.0001276
1395 -8.58e-05
1400 -4.82e-05
1405 -5.48e-05
1410 -0.0001056
1415 -0.00015
1420 -0.0001244
1425 -5.76e-05
1430 -5e-05
1435 -0.0001088
1440 -0.0001282
1445 -5.54e-05
1450 -2e-06
1455 -5.98e-05
1460 -0.000143
1465 -0.0001294
1470 -5.28e-05
1475 -3.42e-05
1480 -8.02e-05
1485 -0.0001074
1490 -7.48e-05
1495 -4.54e-05
1500 -6.1e-05
1505 -9.48e-05
1510 -9.82e-05
1515 -6.92e-05
1520 -4.46e-05
1525 -5.52e-05
1530 -8.48e-05
1535 -9.62e-05
1540 -7.32e-05
1545 -4.84e-05
1550 -6.08e-05
1555 -8.86e-05
1560 -8.06e-05
1565 -4.5e-05
1570 -3.72e-05
1575 -6.8e-05
1580 -9.24e-05
1585 -7.68e-05
1590 -4.88e-05
1595 -5.2e-05
1600 -7.42e-05
1605 -8.08e-05
1610 -6.34e-05
1615 -4.06e-05
1620 -3.84e-05
1625 -6.06e-05
1630 -7.52e-05
1635 -5.88e-05
1640 -3.66e-05
1645 -4.18e-05
1650 -6.16e-05
1655 -6.08e-05
1660 -3.52e-05
1665 -2.46e-05
1670 -4.32e-05
1675 -5.96e-05
1680 -4.7e-05
1685 -2.5e-05
1690 -2.74e-05
1695 -4.6e-05
1700 -4.8e-05
1705 -3.06e-05
1710 -2.16e-05
1715 -3.46e-05
1720 -4.48e-05
1725 -3.76e-05
1730 -2.32e-05
1735 -1.68e-05
1740 -2.42e-05
1745 -3.3e-05
1750 -3.32e-05
1755 -2.56e-05
1760 -2.06e-05
1765 -2.54e-05
1770 -3.36e-05
1775 -2.94e-05
1780 -1.78e-05
1785 -1.34e-05
1790 -2.52e-05
1795 -3.4e-05
1800 -2.66e-05
1805 -1.32e-05
1810 -1.44e-05
1815 -2.42e-05
1820 -2.52e-05
1825 -1.62e-05
1830 -1.34e-05
1835 -2.02e-05
1840 -2.48e-05
1845 -1.86e-05
1850 -1.18e-05
1855 -1.06e-05
1860 -1.68e-05
1865 -1.9e-05
1870 -1.56e-05
1875 -1.14e-05
1880 -1.14e-05
1885 -1.62e-05
1890 -2.02e-05
1895 -1.72e-05
1900 -1.1e-05
1905 -9.4e-06
1910 -1.5e-05
1915 -1.74e-05
1920 -1.2e-05
1925 -7.4e-06
1930 -1.16e-05
1935 -1.64e-05
1940 -1.5e-05
1945 -9.2e-06
1950 -8.4e-06
1955 -1.16e-05
1960 -1.36e-05
1965 -1.14e-05
1970 -9.4e-06
1975 -9.4e-06
1980 -1.08e-05
1985 -9.6e-06
1990 -8.2e-06
1995 -7.2e-06
2000 -7.2e-06
2005 -8.6e-06
2010 -1.04e-05
2015 -1.04e-05
2020 -7.6e-06
2025 -5.6e-06
2030 -7.4e-06
2035 -9e-06
2040 -6.6e-06
2045 -4.2e-06
2050 -6.6e-06
2055 -9.8e-06
2060 -8.8e-06
2065 -4.2e-06
2070 -3.6e-06
2075 -7.4e-06
2080 -8.8e-06
2085 -5.8e-06
2090 -4.6e-06
2095 -6.2e-06
2100 -7e-06
2105 -5.6e-06
2110 -4.4e-06
2115 -4.4e-06
2120 -5.4e-06
2125 -4.8e-06
2130 -5.2e-06
2135 -5.8e-06
2140 -5.2e-06
2145 -3.6e-06
2150 -4e-06
2155 -4.8e-06
2160 -4.4e-06
2165 -3e-06
2170 -3.2e-06
2175 -4.4e-06
2180 -4.2e-06
2185 -2.6e-06
2190 -2.8e-06
2195 -3.8e-06
2200 -3.8e-06
2205 -2.2e-06
2210 -1.8e-06
2215 -2.8e-06
2220 -3.6e-06
2225 -2.8e-06
2230 -2e-06
2235 -2.2e-06
2240 -2.6e-06
2245 -2.4e-06
2250 -2.8e-06
2255 -2.4e-06
2260 -2e-06
2265 -1.8e-06
2270 -2.4e-06
2275 -2.6e-06
2280 -1.8e-06
2285 -1.2e-06
2290 -1.8e-06
2295 -2.2e-06
2300 -2e-06
2305 -1.4e-06
2310 -1.8e-06
2315 -2e-06
2320 -1.8e-06
2325 -1e-06
2330 -1.2e-06
2335 -1.8e-06
2340 -1.6e-06
2345 -1.2e-06
2350 -1.4e-06
2355 -1.6e-06
2360 -1.2e-06
2365 -1.2e-06
2370 -1.2e-06
2375 -1.4e-06
2380 -1.2e-06
2385 -1e-06
2390 -1.2e-06
2395 -1.4e-06
2400 -8e-07
2405 -4e-07
2410 -1e-06
2415 -1.2e-06
2420 -1e-06
2425 -6e-07
2430 -4e-07
2435 -1e-06
2440 -1e-06
2445 -6e-07
2450 -6e-07
2455 -8e-07
2460 -1e-06
2465 -4e-07
2470 -6e-07
2475 -8e-07
2480 -8e-07
2485 -2e-07
2490 -4e-07
2495 -8e-07
2500 -8e-07
2505 -4e-07
2510 -6e-07
2515 -6e-07
2520 -8e-07
2525 -2e-07
2530 -6e-07
2535 -6e-07
2540 -6e-07
2545 0
2550 -4e-07
2555 -6e-07
2560 -4e-07
2565 0
2570 -2e-07
2575 -6e-07
2580 -2e-07
2585 0
2590 0
2595 -2e-07
2600 0
2605 0
2610 0
2615 -2e-07
2620 0
2625 0
2630 0
2635 0
2640 0
2645 0
2650 0
2655 0
2660 0
2665 0
2670 0
2675 0
2680 0
2685 0
2690 0
2695 0
2700 0
2705 0
2710 0
2715 0
2720 0
2725 0
2730 0
2735 0
2740 0
2745 0
2750 0
2755 0
2760 0
2765 0
2770 0
2775 0
2780 0
2785 0
2790 0
2795 0
2800 0
2805 0
2810 0
2815 0
2820 0
2825 0
2830 0
2835 0
2840 0
2845 0
2850 0
2855 0
2860 0
2865 0
2870 0
2875 0
2880 0
2885 0
2890 0
2895 0
2900 0
2905 0
2910 0
2915 0
2920 0
2925 0
2930 0
2935 0
2940 0
2945 0
2950 0
2955 0
2960 0
2965 0
2970 0
2975 0
2980 0
2985 0
2990 0
2995 0
3000 0
3005 0
3010 0
3015 0
3020 0
3025 0
3030 0
3035 0
3040 0
3045 0
3050 0
3055 0
3060 0
3065 0
3070 0
3075 0
3080 0
3085 0
3090 0
3095 0
3100 0
3105 0
3110 0
3115 0
3120 0
3125 0
3130 0
3135 0
3140 0
3145 0
3150 0
3155 0
3160 0
3165 0
3170 0
3175 0
3180 0
3185 0
3190 0
3195 0
3200 0
3205 0
3210 0
3215 0
3220 0
3225 0
3230 0
3235 0
3240 0
3245 0
3250 0
3255 0
3260 0
3265 0
3270 0
3275 0
3280 0
3285 0
3290 0
3295 0
3300 0
3305 0
3310 0
3315 0
3320 0
3325 0
3330 0
3335 0
3340 0
3345 0
3350 0
3355 0
3360 0
3365 0
3370 0
3375 0
3380 0
3385 0
3390 0
3395 0
3400 0
3405 0
3410 0
3415 0
3420 0
3425 0
3430 0
3435 0
3440 0
3445 0
3450 0
3455 0
3460 0
3465 0
3470 0
3475 0
3480 0
3485 0
3490 0
3495 0
3500 0
3505 0
3510 0
3515 0
3520 0
3525 0
3530 0
3535 0
3540 0
3545 0
3550 0
3555 0
3560 0
3565 0
3570 0
3575 0
3580 0
3585 0
3590 0
3595 0
3600 0
3605 0
3610 0
3615 0
3620 0
3625 0
3630 0
3635 0
3640 0
3645 0
3650 0
3655 0
3660 0
3665 0
3670 0
3675 0
3680 0
3685 0
3690 0
3695 0
3700 0
3705 0
3710 0
3715 0
3720 0
3725 0
3730 0
3735 0
3740 0
3745 0
3750 0
3755 0
3760 0
3765 0
3770 0
3775 0
3780 0
3785 0
3790 0
3795 0
3800 0
3805 0
3810 0
3815 0
3820 0
3825 0
3830 0
3835 0
3840 0
3845 0
3850 0
3855 0
3860 0
3865 0
3870 0
3875 0
3880 0
3885 0
3890 0
3895 0
3900 0
3905 0
3910 0
3915 0
3920 0
3925 0
3930 0
3935 0
3940 0
3945 0
3950 0
3955 0
3960 0
3965 0
3970 0
3975 0
3980 0
3985 0
3990 0
3995 0
