0 0.0329372
5 0.0144366
10 -0.003038
15 0.0013634
20 0.0128148
25 0.007367
30 -0.0020456
35 0.0032546
40 0.0122324
45 0.0080948
50 0.0013642
55 0.0059426
60 0.0108674
65 0.0039566
70 -0.0016158
75 0.0050994
80 0.0111818
85 0.0049768
90 -0.0002314
95 0.0048212
100 0.0086422
105 0.0019894
110 -0.00146
115 0.0062022
120 0.0110188
125 0.0040604
130 -0.0006716
135 0.0051734
140 0.0086674
145 0.0017722
150 -0.003184
155 0.0019622
160 0.0066348
165 0.004248
170 0.0033198
175 0.0072056
180 0.0058434
185 -0.000894
190 -0.0013338
195 0.0059446
200 0.0067082
205 -0.0004228
210 -0.0017102
215 0.0056392
220 0.0077966
225 0.000852
230 -0.0016752
235 0.0041138
240 0.0062
245 0.0008116
250 -0.0005716
255 0.0055184
260 0.0068122
265 -1.58e-05
270 -0.0030118
275 0.0024108
280 0.0053696
285 0.0016758
290 0.0006096
295 0.004558
300 0.0051802
305 0.0004488
310 -0.0005902
315 0.0030434
320 0.002853
325 -0.0017382
330 -0.0010214
335 0.0054962
340 0.0066382
345 0.0003468
350 -0.0025586
355 0.0017892
360 0.0046016
365 0.0013808
370 -0.000822
375 0.001688
380 0.0032552
385 0.0010776
390 0.0003184
395 0.0022342
400 0.0021288
405 -0.0003562
410 9.9e-05
415 0.0032898
420 0.0035494
425 0.0005986
430 2e-05
435 0.0018762
440 0.001237
445 -0.0013132
450 -0.0003556
455 0.0031154
460 0.0032698
465 0.0004758
470 0.0003004
475 0.0024684
480 0.0020842
485 -0.0007616
490 -0.000937
495 0.0014966
500 0.0020754
505 0.000784
510 0.0010494
515 0.0020818
520 0.000921
525 -0.0008864
530 0.0004106
535 0.002324
540 0.0013106
545 -0.0007896
550 0.0003964
555 0.0026116
560 0.0013796
565 -0.0012326
570 -0.0006
575 0.0016504
580 0.0012494
585 -0.0003612
590 0.0006002
595 0.0025756
600 0.0013666
605 -0.001191
610 -0.0009536
615 0.0011434
620 0.00122
625 -0.0002122
630 0.0001656
635 0.0016044
640 0.0012894
645 -8.24e-05
650 -6.38e-05
655 0.0006252
660 0.0001214
665 -0.000624
670 0.0003624
675 0.001425
680 0.0006974
685 -0.000405
690 -3.4e-06
695 0.0008736
700 0.0002992
705 -0.0006494
710 -0.0001752
715 0.0007404
720 0.0005258
725 -2.14e-05
730 8.18e-05
735 0.0001998
740 -0.0004404
745 -0.0005422
750 0.0003112
755 0.0008518
760 0.0001892
765 -0.0003078
770 8.22e-05
775 0.0002356
780 -0.0004538
785 -0.0007254
790 -8.6e-06
795 0.000381
800 -0.000145
805 -0.0002982
810 0.0003252
815 0.0004006
820 -0.0004848
825 -0.000811
830 -0.0001452
835 0.0002556
840 -0.0003092
845 -0.0005234
850 4.02e-05
855 0.0002654
860 -0.0004858
865 -0.0007846
870 -0.000181
875 0.0001684
880 -0.0003012
885 -0.0005182
890 3.52e-05
895 0.0002362
900 -0.0003824
905 -0.0008128
910 -0.0004614
915 -0.0001012
920 -0.0002246
925 -0.000288
930 -4e-06
935 3e-06
940 -0.000379
945 -0.000515
950 -0.0002296
955 -0.0002236
960 -0.0004816
965 -0.0004278
970 -1.56e-05
975 1.54e-05
980 -0.0002894
985 -0.0003754
990 -0.0002056
995 -0.0002796
1000 -0.000446
1005 -0.0003212
1010 -1.64e-05
1015 -0.000134
1020 -0.000354
1025 -0.00029
1030 -0.0001012
1035 -0.0002748
1040 -0.0004984
1045 -0.0003126
1050 4.14e-05
1055 -1.7e-05
1060 -0.0002724
1065 -0.000304
1070 -0.0001906
1075 -0.0003326
1080 -0.0005058
1085 -0.0003394
1090 -6.92e-05
1095 -0.0001058
1100 -0.0002564
1105 -0.0001962
1110 -4.18e-05
1115 -0.000164
1120 -0.0003744
1125 -0.0003176
1130 -0.0001608
1135 -0.0001556
1140 -0.0002124
1145 -0.0001706
1150 -0.0001306
1155 -0.0002316
1160 -0.0002838
1165 -0.0001702
1170 -8.98e-05
1175 -0.000206
1180 -0.0002646
1185 -0.0001114
1190 -2.86e-05
1195 -0.0001938
1200 -0.0003576
1205 -0.0002842
1210 -0.0001492
1215 -0.0001942
1220 -0.0002362
1225 -0.0001538
1230 -7.28e-05
1235 -0.0001824
1240 -0.0003026
1245 -0.0002584
1250 -0.0001736
1255 -0.0001964
1260 -0.0002274
1265 -0.0001576
1270 -9.74e-05
1275 -0.0001532
1280 -0.000188
1285 -0.0001324
1290 -0.0001416
1295 -0.0002236
1300 -0.0002524
1305 -0.0001244
1310 -5.6e-05
1315 -0.000152
1320 -0.0002532
1325 -0.0002108
1330 -0.0001194
1335 -0.0001248
1340 -0.0001674
1345 -0.000153
1350 -0.000102
1355 -0.0001036
1360 -0.0001304
1365 -0.0001466
1370 -0.0001628
1375 -0.0001788
1380 -0.0001598
1385 -0.000101
1390 -9.12e-05
1395 -0.000123
1400 -0.0001162
1405 -6.54e-05
1410 -7.96e-05
1415 -0.0001482
1420 -0.0001488
1425 -7.16e-05
1430 -6.08e-05
1435 -0.0001192
1440 -0.0001254
1445 -6.54e-05
1450 -4.06e-05
1455 -9.22e-05
1460 -0.0001284
1465 -9.14e-05
1470 -6.6e-05
1475 -6.98e-05
1480 -8.18e-05
1485 -7.38e-05
1490 -9.02e-05
1495 -0.0001138
1500 -9.32e-05
1505 -5.26e-05
1510 -5.98e-05
1515 -9.2e-05
1520 -7.28e-05
1525 -2.48e-05
1530 -3.38e-05
1535 -8.92e-05
1540 -0.0001064
1545 -6.76e-05
1550 -4.6e-05
1555 -6.32e-05
1560 -6.68e-05
1565 -4.24e-05
1570 -3.08e-05
1575 -4.28e-05
1580 -5.5e-05
1585 -5.2e-05
1590 -5.28e-05
1595 -6.02e-05
1600 -5.68e-05
1605 -5e-05
1610 -5.38e-05
1615 -5.46e-05
1620 -4e-05
1625 -3.02e-05
1630 -4.06e-05
1635 -5.2e-05
1640 -4.4e-05
1645 -2.56e-05
1650 -2.32e-05
1655 -4.02e-05
1660 -4.62e-05
1665 -3.46e-05
1670 -2.62e-05
1675 -3.2e-05
1680 -3.54e-05
1685 -2.96e-05
1690 -2.38e-05
1695 -1.86e-05
1700 -2.4e-05
1705 -3.38e-05
1710 -3.94e-05
1715 -3.18e-05
1720 -1.84e-05
1725 -2.1e-05
1730 -3.08e-05
1735 -2.78e-05
1740 -1.48e-05
1745 -9.4e-06
1750 -2.04e-05
1755 -2.82e-05
1760 -2.26e-05
1765 -1.36e-05
1770 -1.4e-05
1775 -1.7e-05
1780 -1.62e-05
1785 -1.46e-05
1790 -1.54e-05
1795 -1.74e-05
1800 -1.7e-05
1805 -1.44e-05
1810 -1.24e-05
1815 -1.12e-05
1820 -8.8e-06
1825 -9.2e-06
1830 -1.34e-05
1835 -1.56e-05
1840 -1.28e-05
1845 -1.14e-05
1850 -1.3e-05
1855 -1.22e-05
1860 -9.2e-06
1865 -6.2e-06
1870 -8e-06
1875 -1.18e-05
1880 -1.08e-05
1885 -7.4e-06
1890 -5.8e-06
1895 -8.8e-06
1900 -1.18e-05
1905 -9.4e-06
1910 -4.8e-06
1915 -2.2e-06
1920 -6e-06
1925 -9e-06
1930 -7.2e-06
1935 -2.6e-06
1940 -3.6e-06
1945 -7.4e-06
1950 -8.2e-06
1955 -4.8e-06
1960 -4.2e-06
1965 -6.6e-06
1970 -7.2e-06
1975 -4.8e-06
1980 -3.4e-06
1985 -4.8e-06
1990 -6.2e-06
1995 -4.6e-06
2000 -4.2e-06
2005 -5e-06
2010 -5.6e-06
2015 -5e-06
2020 -4.4e-06
2025 -4e-06
2030 -3.2e-06
2035 -2.4e-06
2040 -3.8e-06
2045 -5e-06
2050 -4e-06
2055 -2.4e-06
2060 -2e-06
2065 -4e-06
2070 -4.6e-06
2075 -2.4e-06
2080 -2e-06
2085 -2.8e-06
2090 -3.4e-06
2095 -3.2e-06
2100 -2.4e-06
2105 -1.8e-06
2110 -1.6e-06
2115 -1.8e-06
2120 -3e-06
2125 -3e-06
2130 -2.6e-06
2135 -2e-06
2140 -2e-06
2145 -2e-06
2150 -1.4e-06
2155 -6e-07
2160 -8e-07
2165 -1.4e-06
2170 -1.2e-06
2175 -1e-06
2180 -1.8e-06
2185 -2.4e-06
2190 -1.6e-06
2195 -1e-06
2200 -1e-06
2205 -1.4e-06
2210 -1e-06
2215 -4e-07
2220 -8e-07
2225 -1.4e-06
2230 -8e-07
2235 -6e-07
2240 -1e-06
2245 -1.2e-06
2250 -6e-07
2255 -2e-07
2260 -6e-07
2265 -1.4e-06
2270 -8e-07
2275 -4e-07
2280 -2e-07
2285 -1.2e-06
2290 -1e-06
2295 -4e-07
2300 -4e-07
2305 -6e-07
2310 -4e-07
2315 -4e-07
2320 -6e-07
2325 -4e-07
2330 -2e-07
2335 -2e-07
2340 -2e-07
2345 -4e-07
2350 -4e-07
2355 -4e-07
2360 -4e-07
2365 -6e-07
2370 -4e-07
2375 -4e-07
2380 -6e-07
2385 -2e-07
2390 -4e-07
2395 -4e-07
2400 -4e-07
2405 -4e-07
2410 -4e-07
2415 -2e-07
2420 -4e-07
2425 -6e-07
2430 -4e-07
2435 0
2440 0
2445 0
2450 -2e-07
2455 0
2460 -2e-07
2465 -2e-07
2470 -4e-07
2475 0
2480 0
2485 -2e-07
2490 -2e-07
2495 0
2500 0
2505 0
2510 0
2515 0
2520 0
2525 -2e-07
2530 0
2535 0
2540 0
2545 0
2550 0
2555 0
2560 0
2565 0
2570 0
2575 0
2580 0
2585 0
2590 0
2595 0
2600 0
2605 0
2610 0
2615 0
2620 0
2625 0
2630 0
2635 0
2640 0
2645 0
2650 0
2655 0
2660 0
2665 0
2670 0
2675 0
2680 0
2685 0
2690 0
2695 0
2700 0
2705 0
2710 0
2715 0
2720 0
2725 0
2730 0
2735 0
2740 0
2745 0
2750 0
2755 0
2760 0
2765 0
2770 0
2775 0
2780 0
2785 0
2790 0
2795 0
2800 0
2805 0
2810 0
2815 0
2820 0
2825 0
2830 0
2835 0
2840 0
2845 0
2850 0
2855 0
2860 0
2865 0
2870 0
2875 0
2880 0
2885 0
2890 0
2895 0
2900 0
2905 0
2910 0
2915 0
2920 0
2925 0
2930 0
2935 0
2940 0
2945 0
2950 0
2955 0
2960 0
2965 0
2970 0
2975 0
2980 0
2985 0
2990 0
2995 0
3000 0
3005 0
3010 0
3015 0
3020 0
3025 0
3030 0
3035 0
3040 0
3045 0
3050 0
3055 0
3060 0
3065 0
3070 0
3075 0
3080 0
3085 0
3090 0
3095 0
3100 0
3105 0
3110 0
3115 0
3120 0
3125 0
3130 0
3135 0
3140 0
3145 0
3150 0
3155 0
3160 0
3165 0
3170 0
3175 0
3180 0
3185 0
3190 0
3195 0
3200 0
3205 0
3210 0
3215 0
3220 0
3225 0
3230 0
3235 0
3240 0
3245 0
3250 0
3255 0
3260 0
3265 0
3270 0
3275 0
3280 0
3285 0
3290 0
3295 0
3300 0
3305 0
3310 0
3315 0
3320 0
3325 0
3330 0
3335 0
3340 0
3345 0
3350 0
3355 0
3360 0
3365 0
3370 0
3375 0
3380 0
3385 0
3390 0
3395 0
3400 0
3405 0
3410 0
3415 0
3420 0
3425 0
3430 0
3435 0
3440 0
3445 0
3450 0
3455 0
3460 0
3465 0
3470 0
3475 0
3480 0
3485 0
3490 0
3495 0
3500 0
3505 0
3510 0
3515 0
3520 0
3525 0
3530 0
3535 0
3540 0
3545 0
3550 0
3555 0
3560 0
3565 0
3570 0
3575 0
3580 0
3585 0
3590 0
3595 0
3600 0
3605 0
3610 0
3615 0
3620 0
3625 0
3630 0
3635 0
3640 0
3645 0
3650 0
3655 0
3660 0
3665 0
3670 0
3675 0
3680 0
3685 0
3690 0
3695 0
3700 0
3705 0
3710 0
3715 0
3720 0
3725 0
3730 0
3735 0
3740 0
3745 0
3750 0
3755 0
3760 0
3765 0
3770 0
3775 0
3780 0
3785 0
3790 0
3795 0
3800 0
3805 0
3810 0
3815 0
3820 0
3825 0
3830 0
3835 0
3840 0
3845 0
3850 0
3855 0
3860 0
3865 0
3870 0
3875 0
3880 0
3885 0
3890 0
3895 0
3900 0
3905 0
3910 0
3915 0
3920 0
3925 0
3930 0
3935 0
3940 0
3945 0
3950 0
3955 0
3960 0
3965 0
3970 0
3975 0
3980 0
3985 0
3990 0
3995 0
