0.00000 0.00000
2.65448 6.23097
5.30896 13.01568
7.96344 20.55395
10.61792 28.55691
13.27240 36.39467
15.92688 43.40315
18.58136 49.14795
21.23584 53.51271
23.89032 56.61857
26.54480 58.67663
29.19928 59.87528
31.85376 60.34223
34.50824 60.16237
37.16272 59.41343
39.81720 58.19183
42.47168 56.61782
45.12616 54.82141
47.78064 52.91928
50.43512 50.99799
53.08960 49.11273
55.74408 47.29547
58.39856 45.55719
61.05304 43.87741
63.70752 42.19520
66.36200 40.42595
69.01648 38.51247
71.67096 36.48813
74.32544 34.51108
76.97992 32.83985
79.63440 31.75303
82.28888 31.44641
84.94336 31.95175
87.59784 33.11124
90.25232 34.61864
92.90680 36.11168
95.56128 37.27933
98.21576 37.94229
100.87024 38.08101
103.52472 37.81411
106.17920 37.34916
108.83368 36.92463
111.48816 36.74620
114.14264 36.91646
116.79712 37.37657
119.45160 37.89928
122.10608 38.16468
124.76056 37.90206
127.41504 37.02950
130.06952 35.71154
132.72400 34.30107
135.37848 33.19899
138.03296 32.70520
140.68744 32.92306
143.34192 33.74020
145.99640 34.87761
148.65088 35.99084
151.30536 36.80543
153.95984 37.25372
156.61432 37.55627
159.26880 38.18762
161.92328 39.70498
164.57776 42.48848
167.23224 46.50369
169.88672 51.20754
172.54120 55.66417
175.19568 58.84112
177.85016 59.96829
180.50464 58.80896
183.15912 55.73251
185.81360 51.56962
188.46808 47.32367
191.12256 43.86051
193.77704 41.68894
196.43152 40.89320
199.08600 41.21805
201.74048 42.25564
204.39496 43.64906
207.04944 45.21999
209.70392 46.96186
212.35840 48.91390
215.01288 51.00849
217.66736 53.00678
220.32184 54.57630
222.97632 55.45841
225.63080 55.60492
228.28527 55.19007
230.93975 54.50207
233.59423 53.80315
236.24871 53.25179
238.90319 52.91272
241.55767 52.81011
244.21215 52.96355
246.86663 53.38245
249.52111 54.03559
252.17559 54.82235
254.83007 55.56024
257.48455 55.99422
260.13903 55.83521
262.79351 54.83027
265.44799 52.84512
268.10247 49.91924
270.75695 46.26300
273.41143 42.20369
276.06591 38.11869
278.72039 34.38879
281.37487 31.37136
284.02935 29.37244
286.68383 28.61127
289.33831 29.19940
291.99279 31.15727
294.64727 34.45688
297.30175 39.04538
299.95623 44.81377
302.61071 51.52454
305.26519 58.75405
307.91967 65.90056
310.57415 72.26412
313.22863 77.16566
315.88311 80.06851
318.53759 80.68429
321.19207 79.05224
323.84655 75.56956
326.50103 70.94134
329.15551 66.03779
331.80999 61.68662
334.46447 58.46306
337.11895 56.54752
339.77343 55.70618
342.42791 55.41842
345.08239 55.12626
347.73687 54.51725
350.39135 53.70749
353.04583 53.21686
355.70031 53.73642
358.35479 55.81540
361.00927 59.63957
363.66375 64.99246
366.31823 71.35466
368.97271 78.02651
371.62719 84.21307
374.28167 89.11366
376.93615 92.08919
379.59063 92.89346
382.24511 91.83852
384.89959 89.74890
387.55407 87.68028
390.20855 86.53410
392.86303 86.75797
395.51751 88.24406
398.17199 90.41139
400.82647 92.39302
403.48095 93.26885
406.13543 92.32200
408.78991 89.28387
411.44439 84.48399
414.09887 78.81054
416.75335 73.45950
419.40783 69.56560
422.06231 67.87757
424.71679 68.61114
427.37127 71.51194
430.02575 76.05699
432.68023 81.67412
435.33471 87.87438
437.98919 94.25359
440.64367 100.39727
443.29815 105.78268
445.95263 109.77886
448.60711 111.78499
451.26159 111.45124
453.91607 108.86042
456.57055 104.56451
459.22503 99.45632
461.87951 94.54664
464.53399 90.74748
467.18847 88.72435
469.84295 88.82134
472.49743 91.03165
475.15191 94.99662
477.80639 100.04481
480.46087 105.29637
483.11535 109.84322
485.76983 112.97416
488.42431 114.36663
491.07879 114.14729
493.73327 112.76583
496.38775 110.72952
499.04223 108.35065
501.69671 105.67493
504.35119 102.64532
507.00567 99.37892
509.66015 96.33380
512.31463 94.21245
514.96911 93.64732
517.62359 94.88593
520.27807 97.70013
522.93255 101.58355
525.58703 106.09843
528.24151 111.13753
530.89599 116.93146
533.55047 123.80025
536.20495 131.80724
538.85943 140.53469
541.51391 149.13211
544.16839 156.62377
546.82287 162.29218
549.47735 165.89434
552.13183 167.57901
554.78631 167.59586
557.44079 166.04928
560.09527 162.90364
562.74975 158.21508
565.40423 152.34580
568.05871 145.91873
570.71319 139.50462
573.36767 133.29049
576.02215 127.01750
578.67663 120.25753
581.33111 112.82217
583.98559 105.00792
586.64007 97.53295
589.29455 91.24915
591.94903 86.81927
594.60351 84.48957
597.25799 83.98684
599.91247 84.54229
602.56695 85.07209
605.22143 84.51972
607.87591 82.25108
610.53039 78.29789
613.18487 73.30004
615.83935 68.19458
618.49383 63.86887
621.14831 60.97611
623.80279 59.92492
626.45727 60.89316
629.11175 63.74228
631.76623 67.88659
634.42071 72.30315
637.07519 75.80204
639.72967 77.46590
642.38415 77.01380
645.03863 74.88925
647.69311 72.06297
650.34759 69.69997
653.00207 68.84681
655.65655 70.19854
658.31103 73.93985
660.96551 79.68583
663.61999 86.59696
666.27447 93.69886
668.92895 100.29366
671.58343 106.23791
674.23791 111.91410
676.89239 117.92423
679.54686 124.71823
682.20134 132.37485
684.85582 140.58756
687.51030 148.74412
690.16478 155.98868
692.81926 161.29707
695.47374 163.69638
698.12822 162.66871
700.78270 158.55802
703.43718 152.67884
706.09166 146.97135
708.74614 143.36743
711.40062 143.24466
714.05510 147.24883
716.70958 155.44968
719.36406 167.55899
722.01854 182.99508
724.67302 200.83980
727.32750 219.91522
729.98198 239.12128
732.63646 257.91502
735.29094 276.63777
737.94542 296.46324
740.59990 318.96735
743.25438 345.52404
745.90886 376.81887
748.56334 412.77489
751.21782 453.11701
753.87230 498.60363
756.52678 552.62584
759.18126 622.61650
761.83574 720.77746
764.49022 863.97004
767.14470 1072.74947
769.79918 1369.05036
772.45366 1771.31242
775.10814 2286.06579
777.76262 2897.13659
780.41710 3557.01380
783.07158 4186.98835
785.72606 4690.71507
788.38054 4979.54752
791.03502 5000.59719
793.68950 4754.98617
796.34398 4297.29153
798.99846 3716.21366
801.65294 3105.65303
804.30742 2539.13277
806.96190 2057.06481
809.61638 1668.61683
812.27086 1362.99023
814.92534 1122.38527
817.57982 930.94298
820.23430 777.98164
822.88878 657.06783
825.54326 563.58571
828.19774 492.87299
830.85222 439.74586
833.50670 399.16016
836.16118 367.19987
838.81566 341.59760
841.47014 321.45962
844.12462 306.47434
846.77910 296.20785
849.43358 289.90725
852.08806 286.74109
854.74254 286.07026
857.39702 287.44601
860.05150 290.40799
862.70598 294.38172
865.36046 298.83235
868.01494 303.51560
870.66942 308.54897
873.32390 314.23149
875.97838 320.82807
878.63286 328.57640
881.28734 337.92356
883.94182 349.72984
886.59630 365.17834
889.25078 385.39907
891.90526 411.07666
894.55974 442.30035
897.21422 478.65016
899.86870 519.25546
902.52318 562.56302
905.17766 605.83062
907.83214 644.70616
910.48662 673.39296
913.14110 685.70083
915.79558 676.81726
918.45006 645.14856
921.10454 593.37040
923.75902 528.06781
926.41350 457.96831
929.06798 391.46237
931.72246 334.46157
934.37694 289.44598
937.03142 255.91158
939.68590 231.73546
942.34038 214.62631
944.99486 202.97718
947.64934 195.92175
950.30382 192.87889
952.95830 193.07298
955.61278 195.38000
958.26726 198.53197
960.92174 201.46301
963.57622 203.55264
966.23070 204.68075
968.88518 205.17851
971.53966 205.78939
974.19414 207.64826
976.84862 212.18786
979.50310 220.90916
982.15758 235.07283
984.81206 255.43869
987.46654 282.11761
990.12102 314.49244
992.77550 351.15904
995.42998 389.95352
998.08446 428.20510
1000.73894 463.24043
1003.39342 492.93925
1006.04790 516.05818
1008.70238 532.23779
1011.35686 541.90975
1014.01134 546.39168
1016.66582 548.19313
1019.32030 551.23739
1021.97478 560.69875
1024.62926 582.47648
1027.28374 622.60297
1029.93822 686.81340
1032.59270 780.27231
1035.24718 907.50205
1037.90166 1072.91353
1040.55614 1282.31744
1043.21062 1544.72640
1045.86510 1872.11571
1048.51958 2274.36090
1051.17406 2748.90894
1053.82854 3269.27482
1056.48302 3779.99351
1059.13750 4204.57846
1061.79198 4466.59779
1064.44646 4515.73687
1067.10094 4346.38055
1069.75542 3999.33032
1072.40990 3546.13973
1075.06438 3064.47199
1077.71886 2616.29097
1080.37334 2237.17195
1083.02782 1937.83157
1085.68230 1713.10114
1088.33678 1551.95127
1090.99126 1444.26360
1093.64574 1383.22663
1096.30022 1364.35340
1098.95470 1382.77964
1101.60918 1430.45180
1104.26366 1494.63609
1106.91814 1558.73976
1109.57262 1605.44319
1112.22710 1620.88501
1114.88158 1597.95882
1117.53606 1537.26762
1120.19054 1445.64647
1122.84502 1333.40633
1125.49950 1211.72666
1128.15398 1090.93913
1130.80846 979.55295
1133.46293 883.54268
1136.11741 805.77250
1138.77189 745.93913
1141.42637 701.46942
1144.08085 669.28376
1146.73533 647.67384
1149.38981 637.31794
1152.04429 640.88389
1154.69877 661.45634
1157.35325 700.64904
1160.00773 757.37948
1162.66221 827.90316
1165.31669 907.08338
1167.97117 990.28427
1170.62565 1074.91789
1173.28013 1160.70439
1175.93461 1248.22514
1178.58909 1336.27256
1181.24357 1419.40563
1183.89805 1487.38168
1186.55253 1527.36946
1189.20701 1528.33182
1191.86149 1485.59525
1194.51597 1403.32607
1197.17045 1293.65986
1199.82493 1172.94029
1202.47941 1056.85349
1205.13389 956.48509
1207.78837 876.54913
1210.44285 815.88750
1213.09733 769.47663
1215.75181 730.88452
1218.40629 694.29749
1221.06077 655.65510
1223.71525 612.89544
1226.36973 565.66251
1229.02421 514.91979
1231.67869 462.71299
1234.33317 411.99139
1236.98765 366.21369
1239.64213 328.59917
1242.29661 301.22100
1244.95109 284.37301
1247.60557 276.56050
1250.26005 275.13673
1252.91453 277.28208
1255.56901 280.91006
1258.22349 285.19660
1260.87797 290.65167
1263.53245 298.86202
1266.18693 312.14480
1268.84141 333.30065
1271.49589 365.44285
1274.15037 411.66479
1276.80485 474.35456
1279.45933 554.37399
1282.11381 650.78124
1284.76829 761.71513
1287.42277 886.20510
1290.07725 1025.53277
1292.73173 1182.42164
1295.38621 1357.47184
1298.04069 1544.38481
1300.69517 1727.07412
1303.34965 1881.31188
1306.00413 1981.11029
1308.65861 2007.16249
1311.31309 1953.35687
1313.96757 1828.48762
1316.62205 1652.93278
1319.27653 1452.43876
1321.93101 1251.89964
1324.58549 1071.13515
1327.23997 923.16153
1329.89445 814.37800
1332.54893 745.84444
1335.20341 715.10607
1337.85789 718.32986
1340.51237 752.59481
1343.16685 818.07562
1345.82133 919.75252
1348.47581 1068.26863
1351.13029 1279.60453
1353.78477 1573.25213
1356.43925 1968.53923
1359.09373 2478.87362
1361.74821 3104.26790
1364.40269 3823.72004
1367.05717 4590.43793
1369.71165 5333.47383
1372.36613 5968.01096
1375.02061 6413.19669
1377.67509 6612.41828
1380.32957 6548.59873
1382.98405 6248.24270
1385.63853 5772.42598
1388.29301 5198.44728
1390.94749 4599.46970
1393.60197 4029.38941
1396.25645 3516.85255
1398.91093 3067.99357
1401.56541 2674.41842
1404.21989 2322.26217
1406.87437 1999.31383
1409.52885 1698.95213
1412.18333 1420.96603
1414.83781 1169.98913
1417.49229 952.52918
1420.14677 773.70021
1422.80125 634.75845
1425.45573 532.23994
1428.11021 458.86962
1430.76469 405.70500
1433.41917 364.55481
1436.07365 329.77239
1438.72813 298.95936
1441.38261 272.62577
1444.03709 253.17947
1446.69157 243.69437
1449.34605 246.81790
1452.00053 264.02956
1454.65501 295.30510
1457.30949 339.11461
1459.96397 392.64765
1462.61845 452.24483
1465.27293 514.12449
1467.92741 575.42965
1470.58189 635.29875
1473.23637 695.29814
1475.89085 758.56970
1478.54533 827.68235
1481.19981 902.13741
1483.85429 977.03485
1486.50877 1043.97348
1489.16325 1093.96688
1491.81773 1120.86479
1494.47221 1123.42051
1497.12669 1104.99606
1499.78117 1071.32411
1502.43565 1027.76051
1505.09013 977.48746
1507.74461 921.34176
1510.39909 858.99066
1513.05357 790.60212
1515.70805 718.10137
1518.36253 645.41645
1521.01701 577.60172
1523.67149 519.24379
1526.32597 472.92413
1528.98045 438.51830
1531.63493 413.66936
1534.28941 395.10698
1536.94389 380.03647
1539.59837 366.90398
1542.25285 355.35208
1544.90733 345.68542
1547.56181 338.30252
1550.21629 333.33004
1552.87077 330.43340
1555.52525 328.73626
1558.17973 326.91520
1560.83421 323.58500
1563.48869 317.90410
1566.14317 310.05670
1568.79765 301.20991
1571.45213 292.84209
1574.10661 285.80067
1576.76109 279.70699
1579.41557 273.15236
1582.07005 264.62899
1584.72453 253.66104
1587.37900 241.46592
1590.03348 230.75136
1592.68796 224.73806
1595.34244 225.88338
1597.99692 234.87082
1600.65140 250.23327
1603.30588 268.66731
1605.96036 285.86074
1608.61484 297.57388
1611.26932 300.73727
1613.92380 294.35462
1616.57828 279.99135
1619.23276 261.63712
1621.88724 244.83967
1624.54172 235.24410
1627.19620 236.95562
1629.85068 251.31969
1632.50516 276.63770
1635.15964 308.97490
1637.81412 343.70844
1640.46860 377.09012
1643.12308 407.13054
1645.77756 433.58846
1648.43204 457.46290
1651.08652 480.65149
1653.74100 506.08560
1656.39548 537.93854
1659.04996 581.07920
1661.70444 639.31562
1664.35892 712.97363
1667.01340 797.19093
1669.66788 882.20530
1672.32236 955.83595
1674.97684 1007.07680
1677.63132 1029.17882
1680.28580 1021.10365
1682.94028 987.25235
1685.59476 936.10298
1688.24924 878.45910
1690.90372 825.69355
1693.55820 788.15579
1696.21268 773.96418
1698.86716 788.49048
1701.52164 834.68911
1704.17612 914.04271
1706.83060 1027.53883
1709.48508 1175.96316
1712.13956 1358.92837
1714.79404 1572.46831
1717.44852 1805.77697
1720.10300 2038.64349
1722.75748 2241.74748
1725.41196 2381.40414
1728.06644 2428.29561
1730.72092 2367.10801
1733.37540 2202.61100
1736.02988 1958.90826
1738.68436 1671.95579
1741.33884 1378.89836
1743.99332 1109.04627
1746.64780 879.71433
1749.30228 697.04035
1751.95676 559.51052
1754.61124 461.56269
1757.26572 395.92490
1759.92020 354.85091
1762.57468 331.01217
1765.22916 318.43650
1767.88364 313.25408
1770.53812 313.78089
1773.19260 319.75195
1775.84708 330.99596
1778.50156 346.16711
1781.15604 362.16145
1783.81052 374.55704
1786.46500 378.94332
1789.11948 372.54648
1791.77396 355.36945
1794.42844 330.29487
1797.08292 302.12748
1799.73740 276.04577
1802.39188 256.10679
1805.04636 244.28921
1807.70084 240.27554
1810.35532 241.94418
1813.00980 246.37149
1815.66428 250.97187
1818.31876 254.28733
1820.97324 256.04662
1823.62772 256.50125
1826.28220 255.49646
1828.93668 251.90528
1831.59116 243.79906
1834.24564 229.25159
1836.90012 207.33142
1839.55460 178.80861
1842.20908 146.28641
1844.86356 113.68086
1847.51804 85.15888
1850.17252 63.85938
1852.82700 50.91610
1855.48148 45.27648
1858.13596 44.43630
1860.79044 45.66777
1863.44492 47.02840
1866.09940 47.66539
1868.75388 47.48987
1871.40836 46.69674
1874.06284 45.53500
1876.71732 44.34503
1879.37180 43.60554
1882.02628 43.81929
1884.68076 45.33854
1887.33524 48.34075
1889.98972 52.99117
1892.64420 59.59172
1895.29868 68.49534
1897.95316 79.78393
1900.60764 92.93250
1903.26212 106.70540
1905.91660 119.38127
1908.57108 129.24876
1911.22556 135.23631
1913.88004 137.47283
1916.53452 137.49154
1919.18900 137.80866
1921.84348 140.87877
1924.49796 147.86172
1927.15244 157.88892
1929.80692 168.30171
1932.46140 175.75011
1935.11588 177.53307
1937.77036 172.51325
1940.42484 161.31539
1943.07932 145.94151
1945.73380 129.09897
1948.38828 113.46407
1951.04276 101.02749
1953.69724 92.68852
1956.35172 88.25330
1959.00620 86.81357
1961.66068 87.24393
1964.31516 88.51771
1966.96964 89.78346
1969.62412 90.41423
1972.27860 90.21590
1974.93308 89.66210
1977.58756 89.79111
1980.24204 91.59445
1982.89652 95.23229
1985.55100 99.71477
1988.20548 103.41866
1990.85996 105.15245
1993.51444 105.03094
1996.16892 104.57602
1998.82340 106.05014
2001.47788 111.50544
2004.13236 122.03970
2006.78684 137.42993
2009.44132 156.06439
2012.09580 175.11167
2014.75028 190.98509
2017.40476 200.12217
2020.05924 199.88949
2022.71372 189.27714
2025.36820 169.14636
2028.02268 142.04407
2030.67716 111.74893
2033.33164 82.66027
2035.98612 59.03311
2038.64059 44.10346
2041.29507 39.33025
2043.94955 44.08725
2046.60403 55.99294
2049.25851 71.74336
2051.91299 88.06442
2054.56747 102.40285
2057.22195 113.17871
2059.87643 119.64785
2062.53091 121.55086
2065.18539 118.76224
2067.83987 111.13631
2070.49435 98.66186
2073.14883 81.86543
2075.80331 62.21344
2078.45779 42.20206
2081.11227 24.97014
2083.76675 13.54258
2086.42123 10.01935
2089.07571 15.04683
2091.73019 27.76429
2094.38467 46.21626
2097.03915 68.04390
2099.69363 91.15520
2102.34811 114.07766
2105.00259 135.86367
2107.65707 155.69862
2110.31155 172.56663
2112.96603 185.26887
2115.62051 192.78567
2118.27499 194.68720
2120.92947 191.28923
2123.58395 183.50818
2126.23843 172.60747
2128.89291 160.00535
2131.54739 147.10640
2134.20187 135.02479
2136.85635 124.23908
2139.51083 114.45128
2142.16531 104.88258
2144.81979 94.87912
2147.47427 84.37971
2150.12875 73.89444
2152.78323 64.10766
2155.43771 55.57238
2158.09219 48.81333
2160.74667 44.64816
2163.40115 44.22870
2166.05563 48.55365
2168.71011 57.76174
2171.36459 70.78242
2174.01907 85.61286
2176.67355 99.94426
2179.32803 111.65842
2181.98251 119.02713
2184.63699 120.85420
2187.29147 116.79957
2189.94595 107.72492
2192.60043 95.61801
2195.25491 82.90399
2197.90939 71.53325
2200.56387 62.51254
2203.21835 56.16250
2205.87283 52.69509
2208.52731 52.42438
2211.18179 55.36749
2213.83627 60.70996
2216.49075 66.85150
2219.14523 72.23857
2221.79971 76.41482
2224.45419 80.43135
2227.10867 86.22628
2229.76315 95.37664
2232.41763 108.06043
2235.07211 122.84952
2237.72659 137.35837
2240.38107 149.29556
2243.03555 157.36625
2245.69003 161.66604
2248.34451 163.47147
2250.99899 164.55072
2253.65347 166.28127
2256.30795 168.94921
2258.96243 171.54853
2261.61691 172.17660
2264.27139 168.83790
2266.92587 160.29204
2269.58035 146.59894
2272.23483 129.17661
2274.88931 110.38266
2277.54379 92.79120
2280.19827 78.43977
2282.85275 68.33747
2285.50723 62.41588
2288.16171 59.88719
2290.81619 59.76889
2293.47067 61.28192
2296.12515 63.95803
2298.77963 67.48700
2301.43411 71.45275
2304.08859 75.11397
2306.74307 77.34678
2309.39755 76.83190
2312.05203 72.49632
2314.70651 64.06591
2317.36099 52.42961
2320.01547 39.52990
2322.66995 27.75135
2325.32443 19.11463
2327.97891 14.71124
2330.63339 14.61103
2333.28787 18.12720
2335.94235 24.14970
2338.59683 31.38003
2341.25131 38.52493
2343.90579 44.55572
2346.56027 48.96980
2349.21475 51.84119
2351.86923 53.55261
2354.52371 54.39903
2357.17819 54.42430
2359.83267 53.67198
2362.48715 52.63597
2365.14163 52.46492
2367.79611 54.64515
2370.45059 60.31035
2373.10507 69.62114
2375.75955 81.58294
2378.41403 94.34031
2381.06851 105.70970
2383.72299 113.68356
2386.37747 116.78630
2389.03195 114.29122
2391.68643 106.32047
2394.34091 93.80958
2396.99539 78.32509
2399.64987 61.78161
2402.30435 46.14066
2404.95883 33.14526
2407.61331 24.09494
2410.26779 19.66059
2412.92227 19.77655
2415.57675 23.66684
2418.23123 30.02268
2420.88571 37.28200
2423.54019 43.92862
2426.19467 48.74705
2428.84915 50.99921
2431.50363 50.50123
2434.15811 47.58643
2436.81259 42.97460
2439.46707 37.61243
2442.12155 32.54820
2444.77603 28.83813
2447.43051 27.41233
2450.08499 28.84829
2452.73947 33.11647
2455.39395 39.46799
2458.04843 46.60599
2460.70291 53.10976
2463.35739 57.89969
2466.01187 60.49705
2468.66635 60.98023
2471.32083 59.74950
2473.97531 57.32208
2476.62979 54.31309
2479.28427 51.57839
2481.93875 50.34080
2484.59323 52.10267
2487.24771 58.28232
2489.90219 69.71098
2492.55666 86.25254
2495.21114 106.76015
2497.86562 129.37994
2500.52010 151.99808
2503.17458 172.56924
2505.82906 189.20785
2508.48354 200.14407
2511.13802 203.75423
2513.79250 198.79155
2516.44698 184.76166
2519.10146 162.26868
2521.75594 133.17029
2524.41042 100.45973
2527.06490 67.86262
2529.71938 39.20223
2532.37386 17.69755
2535.02834 5.46729
2537.68282 3.47101
2540.33730 11.84529
2542.99178 30.26033
2545.64626 57.86081
2548.30074 92.72472
2550.95522 131.31525
2553.60970 168.60912
2556.26418 199.18668
2558.91866 218.84421
2561.57314 225.85290
2564.22762 221.21679
2566.88210 207.95185
2569.53658 189.92986
2572.19106 170.83364
2574.84554 153.42613
2577.50002 139.09896
2580.15450 127.73892
2582.80898 118.08669
2585.46346 108.60922
2588.11794 98.48720
2590.77242 88.06689
2593.42690 78.41650
2596.08138 70.31010
2598.73586 63.44439
2601.39034 56.51491
2604.04482 48.08331
2606.69930 37.57006
2609.35378 25.69576
2612.00826 14.18986
2614.66274 5.08856
2617.31722 0.06255
2619.97170 0.00000
2622.62618 4.85060
2625.28066 13.70570
2627.93514 25.13295
2630.58962 37.70121
2633.24410 50.44365
2635.89858 62.95675
2638.55306 75.07552
2641.20754 86.43024
2643.86202 96.31455
2646.51650 104.01176
2649.17098 109.27731
2651.82546 112.49626
