0 0.0119914
5 0.0037366
10 -0.0022724
15 -0.003547
20 -0.0002488
25 0.0019088
30 0.00177
35 0.0007358
40 0.0005858
45 0.0007762
50 0.000966
55 0.0003928
60 -0.0003064
65 -0.0005476
70 0.0004538
75 0.000951
80 0.0005618
85 6.64e-05
90 0.0013696
95 0.0022548
100 0.0007696
105 -0.0019808
110 -0.0021226
115 0.0003328
120 0.0026546
125 0.0021666
130 0.000801
135 -0.0003902
140 -0.0005146
145 -0.0002904
150 0.0001458
155 0.0002462
160 0.0003174
165 0.0006108
170 0.0010802
175 0.0006948
180 -7.38e-05
185 -0.0002998
190 0.0004496
195 0.000476
200 -0.0004442
205 -0.0008852
210 0.0006122
215 0.0020264
220 0.0016732
225 -4.6e-05
230 -0.0013896
235 -0.001351
240 -0.0001102
245 0.0011454
250 0.0012256
255 0.0007886
260 0.0004888
265 0.000205
270 -0.0004232
275 -0.0011354
280 -0.0005004
285 0.0008952
290 0.00135
295 0.0004248
300 -0.0005828
305 3.24e-05
310 0.0010318
315 0.000543
320 -0.0008682
325 -0.0012268
330 -0.0001136
335 0.0013398
340 0.0016862
345 0.0005154
350 -0.0007428
355 -0.0008548
360 5.22e-05
365 0.0004144
370 -0.0001432
375 -0.0001512
380 0.0007258
385 0.0012688
390 0.0003468
395 -0.000935
400 -0.0009186
405 7.72e-05
410 0.0006962
415 0.0003562
420 -0.0001048
425 -2.46e-05
430 0.0003514
435 0.0005574
440 0.0002548
445 -0.0004442
450 -0.0007478
455 -0.0002016
460 0.0005838
465 0.000679
470 0.0003444
475 0.0001868
480 0.0002008
485 -0.0001802
490 -0.0006372
495 -0.0005688
500 0.0002432
505 0.0009768
510 0.0007962
515 7e-05
520 -0.0004734
525 -0.0005142
530 -2.82e-05
535 0.0004874
540 0.0003194
545 -0.0002088
550 -0.0001916
555 0.0004666
560 0.0006606
565 8.14e-05
570 -0.0005084
575 -0.000387
580 -7.7e-05
585 8.7e-05
590 0.0002422
595 0.0003686
600 0.0003976
605 9.6e-06
610 -0.0003832
615 -0.0005324
620 -0.00025
625 0.0002714
630 0.000623
635 0.000394
640 -0.000202
645 -0.000406
650 -7.74e-05
655 0.0002566
660 0.0001052
665 -0.0002172
670 -0.0001052
675 0.0001382
680 0.0001802
685 0.0001082
690 0.0001016
695 4.5e-05
700 -0.0001856
705 -0.0002954
710 -0.0001806
715 0.0001442
720 0.0003568
725 0.0003298
730 0.0001284
735 -0.0002612
740 -0.0004232
745 -0.0001976
750 0.0002302
755 0.0002942
760 5.42e-05
765 -6.32e-05
770 4.08e-05
775 4.82e-05
780 -1.74e-05
785 -0.0001066
790 -8.86e-05
795 -6.62e-05
800 -5.8e-06
805 9.9e-05
810 0.0001438
815 2.82e-05
820 -8.32e-05
825 -9.54e-05
830 -0.0001432
835 -0.0001872
840 -1e-05
845 0.0002418
850 0.000289
855 -2.68e-05
860 -0.0002652
865 -0.0002268
870 5.02e-05
875 0.0001174
880 2.4e-05
885 -6.82e-05
890 -3.7e-05
895 4.1e-05
900 9.6e-05
905 1.8e-06
910 -0.0001304
915 -0.0001218
920 1.38e-05
925 4.4e-05
930 -1.38e-05
935 -6.8e-05
940 4.64e-05
945 8.86e-05
950 -6.84e-05
955 -0.0002174
960 -0.0001406
965 7.34e-05
970 0.0001568
975 5.22e-05
980 -7.28e-05
985 -0.00014
990 -4.76e-05
995 2.3e-05
1000 2.78e-05
1005 -6.84e-05
1010 -6.08e-05
1015 -2.6e-06
1020 4.92e-05
1025 -2.8e-06
1030 -7.68e-05
1035 -5.92e-05
1040 -2.16e-05
1045 -1.66e-05
1050 -6.6e-05
1055 -2.1e-05
1060 4.92e-05
1065 4.26e-05
1070 -1.62e-05
1075 -8.32e-05
1080 -0.0001094
1085 -6.72e-05
1090 4.38e-05
1095 6.6e-05
1100 1.66e-05
1105 -7.8e-05
1110 -4.42e-05
1115 1.54e-05
1120 -1.78e-05
1125 -8.9e-05
1130 -5.78e-05
1135 1.72e-05
1140 3.32e-05
1145 -1.66e-05
1150 -4.7e-05
1155 -2.96e-05
1160 -2.56e-05
1165 -1.38e-05
1170 -2.34e-05
1175 -3.48e-05
1180 -2.92e-05
1185 5.8e-06
1190 2.74e-05
1195 -2.32e-05
1200 -6.72e-05
1205 -4.86e-05
1210 4.8e-06
1215 -1.2e-06
1220 -2.44e-05
1225 -1.72e-05
1230 1.3e-05
1235 1.72e-05
1240 -4.16e-05
1245 -7.4e-05
1250 -4.02e-05
1255 1.74e-05
1260 1.12e-05
1265 -1.18e-05
1270 -3.1e-05
1275 -1.62e-05
1280 -4.8e-06
1285 -1.1e-05
1290 -2.3e-05
1295 -3.12e-05
1300 -2.58e-05
1305 1.02e-05
1310 1.66e-05
1315 -1.78e-05
1320 -3.54e-05
1325 -1.14e-05
1330 8e-07
1335 -2.22e-05
1340 -3.6e-05
1345 -1.4e-05
1350 9.6e-06
1355 1.48e-05
1360 -1.64e-05
1365 -3.28e-05
1370 -4e-05
1375 -2.06e-05
1380 4e-07
1385 -2e-07
1390 -6.8e-06
1395 -1e-05
1400 5.4e-06
1405 1e-06
1410 -2.62e-05
1415 -3.58e-05
1420 -1.52e-05
1425 7.2e-06
1430 3.2e-06
1435 -8.8e-06
1440 -1.18e-05
1445 -4.4e-06
1450 -7.4e-06
1455 -1.2e-05
1460 -1.68e-05
1465 -1.68e-05
1470 -5.4e-06
1475 4.4e-06
1480 6e-06
1485 -6e-06
1490 -1.7e-05
1495 -1.74e-05
1500 -8e-06
1505 -8.2e-06
1510 -1.44e-05
1515 -8.4e-06
1520 5.6e-06
1525 3.8e-06
1530 -9e-06
1535 -1.42e-05
1540 -1.4e-05
1545 -8e-06
1550 -6.8e-06
1555 -6.6e-06
1560 -1.6e-06
1565 -1.2e-06
1570 -8e-07
1575 -4.2e-06
1580 -1.12e-05
1585 -1.78e-05
1590 -8.6e-06
1595 4e-06
1600 3.4e-06
1605 -6.8e-06
1610 -6.8e-06
1615 -8e-07
1620 -4.2e-06
1625 -1.26e-05
1630 -1.52e-05
1635 -1.2e-06
1640 7.4e-06
1645 3.6e-06
1650 -2.4e-06
1655 -7.6e-06
1660 -8.6e-06
1665 -6.2e-06
1670 -3.4e-06
1675 -2.8e-06
1680 -3.4e-06
1685 -1.6e-06
1690 4.2e-06
1695 2.2e-06
1700 -5.8e-06
1705 -9.2e-06
1710 -5.2e-06
1715 -1e-06
1720 -2.4e-06
1725 -3.2e-06
1730 4e-07
1735 2.2e-06
1740 -2e-06
1745 -4e-06
1750 -5e-06
1755 -5.6e-06
1760 -4e-06
1765 1e-06
1770 2.6e-06
1775 6e-07
1780 -3.8e-06
1785 -3.4e-06
1790 -1.2e-06
1795 -3.4e-06
1800 -6.4e-06
1805 -3e-06
1810 4e-07
1815 1e-06
1820 -1.2e-06
1825 -1.6e-06
1830 -1.6e-06
1835 -2.6e-06
1840 -3.8e-06
1845 -3.4e-06
1850 -1.2e-06
1855 0
1860 1.6e-06
1865 1.6e-06
1870 -1.2e-06
1875 -6e-06
1880 -5.4e-06
1885 -1.4e-06
1890 2e-07
1895 0
1900 -6e-07
1905 2e-07
1910 -4e-07
1915 -2.8e-06
1920 -2.4e-06
1925 -1.2e-06
1930 -8e-07
1935 -2e-07
1940 -6e-07
1945 -6e-07
1950 -1e-06
1955 -8e-07
1960 -4e-07
1965 -1.4e-06
1970 -2.2e-06
1975 -1.4e-06
1980 4e-07
1985 1.2e-06
1990 4e-07
1995 -1.6e-06
2000 -1e-06
2005 -6e-07
2010 -1e-06
2015 -1.2e-06
2020 -4e-07
2025 -4.23516e-23
2030 2e-07
2035 2e-07
2040 -8e-07
2045 -1.4e-06
2050 -8e-07
2055 0
2060 4e-07
2065 -2e-07
2070 -1.2e-06
2075 -4e-07
2080 6e-07
2085 2e-07
2090 -8e-07
2095 -1.2e-06
2100 -8e-07
2105 0
2110 4e-07
2115 2e-07
2120 -4e-07
2125 -4e-07
2130 -4e-07
2135 -6e-07
2140 -4e-07
2145 -4e-07
2150 0
2155 2e-07
2160 -2e-07
2165 -8e-07
2170 -8e-07
2175 -2e-07
2180 0
2185 -2e-07
2190 -4e-07
2195 -2e-07
2200 2e-07
2205 2e-07
2210 0
2215 -4e-07
2220 -6e-07
2225 -2e-07
2230 -2e-07
2235 -2e-07
2240 -2e-07
2245 -2e-07
2250 0
2255 0
2260 -2e-07
2265 -4e-07
2270 0
2275 2e-07
2280 2e-07
2285 0
2290 0
2295 -2e-07
2300 -2e-07
2305 -2e-07
2310 0
2315 -4e-07
2320 0
2325 0
2330 -2e-07
2335 -2e-07
2340 -2e-07
2345 0
2350 0
2355 0
2360 0
2365 0
2370 0
2375 0
2380 0
2385 0
2390 0
2395 0
2400 0
2405 0
2410 0
2415 0
2420 0
2425 0
2430 0
2435 0
2440 0
2445 0
2450 0
2455 0
2460 0
2465 0
2470 0
2475 0
2480 0
2485 0
2490 0
2495 0
2500 0
2505 0
2510 0
2515 0
2520 0
2525 0
2530 0
2535 0
2540 0
2545 0
2550 0
2555 0
2560 0
2565 0
2570 0
2575 0
2580 0
2585 0
2590 0
2595 0
2600 0
2605 0
2610 0
2615 0
2620 0
2625 0
2630 0
2635 0
2640 0
2645 0
2650 0
2655 0
2660 0
2665 0
2670 0
2675 0
2680 0
2685 0
2690 0
2695 0
2700 0
2705 0
2710 0
2715 0
2720 0
2725 0
2730 0
2735 0
2740 0
2745 0
2750 0
2755 0
2760 0
2765 0
2770 0
2775 0
2780 0
2785 0
2790 0
2795 0
2800 0
2805 0
2810 0
2815 0
2820 0
2825 0
2830 0
2835 0
2840 0
2845 0
2850 0
2855 0
2860 0
2865 0
2870 0
2875 0
2880 0
2885 0
2890 0
2895 0
2900 0
2905 0
2910 0
2915 0
2920 0
2925 0
2930 0
2935 0
2940 0
2945 0
2950 0
2955 0
2960 0
2965 0
2970 0
2975 0
2980 0
2985 0
2990 0
2995 0
3000 0
3005 0
3010 0
3015 0
3020 0
3025 0
3030 0
3035 0
3040 0
3045 0
3050 0
3055 0
3060 0
3065 0
3070 0
3075 0
3080 0
3085 0
3090 0
3095 0
3100 0
3105 0
3110 0
3115 0
3120 0
3125 0
3130 0
3135 0
3140 0
3145 0
3150 0
3155 0
3160 0
3165 0
3170 0
3175 0
3180 0
3185 0
3190 0
3195 0
3200 0
3205 0
3210 0
3215 0
3220 0
3225 0
3230 0
3235 0
3240 0
3245 0
3250 0
3255 0
3260 0
3265 0
3270 0
3275 0
3280 0
3285 0
3290 0
3295 0
3300 0
3305 0
3310 0
3315 0
3320 0
3325 0
3330 0
3335 0
3340 0
3345 0
3350 0
3355 0
3360 0
3365 0
3370 0
3375 0
3380 0
3385 0
3390 0
3395 0
3400 0
3405 0
3410 0
3415 0
3420 0
3425 0
3430 0
3435 0
3440 0
3445 0
3450 0
3455 0
3460 0
3465 0
3470 0
3475 0
3480 0
3485 0
3490 0
3495 0
3500 0
3505 0
3510 0
3515 0
3520 0
3525 0
3530 0
3535 0
3540 0
3545 0
3550 0
3555 0
3560 0
3565 0
3570 0
3575 0
3580 0
3585 0
3590 0
3595 0
3600 0
3605 0
3610 0
3615 0
3620 0
3625 0
3630 0
3635 0
3640 0
3645 0
3650 0
3655 0
3660 0
3665 0
3670 0
3675 0
3680 0
3685 0
3690 0
3695 0
3700 0
3705 0
3710 0
3715 0
3720 0
3725 0
3730 0
3735 0
3740 0
3745 0
3750 0
3755 0
3760 0
3765 0
3770 0
3775 0
3780 0
3785 0
3790 0
3795 0
3800 0
3805 0
3810 0
3815 0
3820 0
3825 0
3830 0
3835 0
3840 0
3845 0
3850 0
3855 0
3860 0
3865 0
3870 0
3875 0
3880 0
3885 0
3890 0
3895 0
3900 0
3905 0
3910 0
3915 0
3920 0
3925 0
3930 0
3935 0
3940 0
3945 0
3950 0
3955 0
3960 0
3965 0
3970 0
3975 0
3980 0
3985 0
3990 0
3995 0
