0 0.0122614
5 0.0041682
10 -0.0017552
15 -0.0031934
20 -0.0003532
25 0.001817
30 0.0017078
35 0.0009944
40 0.001052
45 0.0012646
50 0.0011896
55 0.0005004
60 -0.0002662
65 -0.0004776
70 0.000379
75 0.0011218
80 0.0008382
85 0.0005792
90 0.001727
95 0.0023178
100 0.000546
105 -0.002221
110 -0.0022412
115 0.0004024
120 0.002767
125 0.0025194
130 0.0011044
135 -0.0001298
140 -0.000582
145 -0.0003858
150 2.02e-05
155 0.0001916
160 0.0003736
165 0.0009598
170 0.0016538
175 0.00104
180 -0.000224
185 -0.000644
190 0.0002354
195 0.000546
200 -0.0002494
205 -0.0006358
210 0.0006374
215 0.0020518
220 0.001781
225 -0.0001198
230 -0.0016234
235 -0.0014336
240 -0.0001176
245 0.00109
250 0.0014618
255 0.0010294
260 0.0004648
265 2.76e-05
270 -0.000723
275 -0.0011726
280 -0.0005954
285 0.0008868
290 0.001463
295 0.000678
300 -0.0003746
305 -3.96e-05
310 0.0006632
315 0.0002194
320 -0.0010422
325 -0.0011954
330 7.76e-05
335 0.0014066
340 0.001515
345 0.0003918
350 -0.0006938
355 -0.0009482
360 -0.0003204
365 3.98e-05
370 -0.0001404
375 0.0001352
380 0.0009128
385 0.0012032
390 5.3e-05
395 -0.0011874
400 -0.0011664
405 -2.6e-06
410 0.0007142
415 0.000523
420 4e-07
425 -2.26e-05
430 0.000284
435 0.0003518
440 -2.4e-06
445 -0.0007338
450 -0.0008906
455 -0.0001738
460 0.0006686
465 0.0007298
470 0.0001442
475 -0.0001128
480 -9.18e-05
485 -0.0003834
490 -0.0008992
495 -0.0006796
500 0.0003662
505 0.0011964
510 0.000814
515 -0.0001624
520 -0.0008778
525 -0.0008138
530 -6.58e-05
535 0.0005108
540 0.0002976
545 -0.0001658
550 -0.0001326
555 0.0003698
560 0.0005
565 -0.000216
570 -0.000757
575 -0.0005708
580 1.82e-05
585 0.0002234
590 0.0002796
595 0.0004492
600 0.00039
605 -0.0001664
610 -0.0006456
615 -0.0006814
620 -0.0002046
625 0.0003538
630 0.0006872
635 0.0004368
640 -0.0001646
645 -0.0005466
650 -0.000342
655 5.92e-05
660 -2e-06
665 -0.0001512
670 -9.28e-05
675 0.0002482
680 0.0002514
685 -1.4e-06
690 -0.0001026
695 -0.0001936
700 -0.0003188
705 -0.000358
710 -0.0001028
715 0.0002204
720 0.0003892
725 0.0003204
730 4.08e-05
735 -0.0004118
740 -0.000559
745 -0.0002492
750 0.0002318
755 0.0003974
760 0.0001746
765 -4.36e-05
770 -3.5e-05
775 -0.0001076
780 -0.0002096
785 -0.00025
790 -8.06e-05
795 7.94e-05
800 7.12e-05
805 9.24e-05
810 9.28e-05
815 1.3e-05
820 -0.0001206
825 -0.0002256
830 -0.000313
835 -0.0001878
840 0.000135
845 0.0003658
850 0.0002838
855 -0.0001364
860 -0.0004134
865 -0.0003092
870 -2.26e-05
875 8.88e-05
880 3.96e-05
885 3.06e-05
890 0.0001088
895 5.88e-05
900 -5.62e-05
905 -0.0001802
910 -0.0001634
915 -8.72e-05
920 3.12e-05
925 6.96e-05
930 3.86e-05
935 9.6e-06
940 6.42e-05
945 1.48e-05
950 -0.0001312
955 -0.0002778
960 -0.0001548
965 0.0001042
970 0.0002372
975 0.0001522
980 -3.2e-05
985 -0.0001392
990 -0.0001374
995 -9.68e-05
1000 -5.2e-05
1005 -2.2e-05
1010 5.3e-05
1015 9.8e-05
1020 7.58e-05
1025 -7.42e-05
1030 -0.0001524
1035 -0.0001086
1040 7.2e-06
1045 -4e-06
1050 -3.78e-05
1055 -1.3e-05
1060 9.58e-05
1065 0.0001182
1070 1.96e-05
1075 -0.0001386
1080 -0.000205
1085 -0.0001058
1090 5.1e-05
1095 0.0001514
1100 0.0001028
1105 -9.6e-06
1110 -7.3e-05
1115 -6.5e-05
1120 -7.16e-05
1125 -9.04e-05
1130 -3.16e-05
1135 7.42e-05
1140 9.66e-05
1145 1.4e-05
1150 -5.18e-05
1155 -3.92e-05
1160 -1.5e-05
1165 -2.94e-05
1170 -5.66e-05
1175 -4.16e-05
1180 -1e-05
1185 4.18e-05
1190 6.12e-05
1195 6e-06
1200 -7.36e-05
1205 -0.0001178
1210 -7.46e-05
1215 -2.08e-05
1220 2e-05
1225 3.94e-05
1230 4.1e-05
1235 9.6e-06
1240 -7.28e-05
1245 -0.0001044
1250 -5.24e-05
1255 2.26e-05
1260 3.38e-05
1265 3.4e-06
1270 -1.02e-05
1275 -1.28e-05
1280 -4.2e-06
1285 -1.06e-05
1290 -3.08e-05
1295 -5.4e-05
1300 -4.74e-05
1305 7.6e-06
1310 4.7e-05
1315 4.4e-05
1320 8.2e-06
1325 -2.34e-05
1330 -4.96e-05
1335 -5.92e-05
1340 -3.04e-05
1345 2.54e-05
1350 5.68e-05
1355 4.02e-05
1360 -1.72e-05
1365 -4.98e-05
1370 -4.36e-05
1375 -1.94e-05
1380 7.8e-06
1385 9e-06
1390 -2.8e-06
1395 -1.02e-05
1400 2.4e-06
1405 9.2e-06
1410 -3e-06
1415 -3.26e-05
1420 -4.38e-05
1425 -2e-05
1430 7.6e-06
1435 1.34e-05
1440 6.2e-06
1445 6e-06
1450 -3.4e-06
1455 -2.4e-05
1460 -4.04e-05
1465 -2.82e-05
1470 3.4e-06
1475 2.94e-05
1480 2.28e-05
1485 3e-06
1490 -2.7e-05
1495 -2.64e-05
1500 -1.22e-05
1505 2.2e-06
1510 -8e-07
1515 -4.8e-06
1520 -4e-07
1525 7.2e-06
1530 3.8e-06
1535 -6.4e-06
1540 -1.18e-05
1545 -1.4e-05
1550 -1.48e-05
1555 -9.6e-06
1560 5.8e-06
1565 1.5e-05
1570 1.08e-05
1575 -3.6e-06
1580 -2.04e-05
1585 -2.76e-05
1590 -1.7e-05
1595 2.4e-06
1600 1.68e-05
1605 1.24e-05
1610 -4e-06
1615 -1.5e-05
1620 -1.38e-05
1625 -9e-06
1630 -3.4e-06
1635 -1.4e-06
1640 6e-07
1645 -2.6e-06
1650 2e-07
1655 4e-06
1660 4e-07
1665 -6.4e-06
1670 -1.12e-05
1675 -8.6e-06
1680 -4.2e-06
1685 1e-06
1690 5.4e-06
1695 6.6e-06
1700 -1.8e-06
1705 -1e-05
1710 -1.22e-05
1715 -6e-06
1720 0
1725 3.8e-06
1730 3.8e-06
1735 2e-06
1740 -2.4e-06
1745 -7e-06
1750 -7.8e-06
1755 -4.8e-06
1760 -1.8e-06
1765 0
1770 1e-06
1775 8e-07
1780 -8e-07
1785 -6e-07
1790 4e-07
1795 -3.2e-06
1800 -7.8e-06
1805 -6.8e-06
1810 8e-07
1815 6.2e-06
1820 4e-06
1825 -1.4e-06
1830 -4e-06
1835 -4.8e-06
1840 -4.4e-06
1845 -1.4e-06
1850 1.8e-06
1855 3.6e-06
1860 1.8e-06
1865 -4e-07
1870 -3e-06
1875 -4e-06
1880 -2.8e-06
1885 -6e-07
1890 1e-06
1895 0
1900 -1.6e-06
1905 -2e-07
1910 1.2e-06
1915 1e-06
1920 -1.6e-06
1925 -3e-06
1930 -2.8e-06
1935 -2e-07
1940 1.6e-06
1945 2.4e-06
1950 6e-07
1955 -1.2e-06
1960 -2.6e-06
1965 -1.8e-06
1970 -1.2e-06
1975 0
1980 8e-07
1985 8e-07
1990 -2e-07
1995 -1.4e-06
2000 -1.6e-06
2005 -1e-06
2010 -2e-07
2015 -2e-07
2020 -6e-07
2025 -6e-07
2030 -4e-07
2035 4e-07
2040 6e-07
2045 -2e-07
2050 -1.6e-06
2055 -2e-06
2060 -8e-07
2065 2e-07
2070 8e-07
2075 6e-07
2080 -2e-07
2085 -1.2e-06
2090 -1.4e-06
2095 -8e-07
2100 4e-07
2105 8e-07
2110 2e-07
2115 -2e-07
2120 -4e-07
2125 -6e-07
2130 0
2135 0
2140 -2e-07
2145 -4e-07
2150 -2e-07
2155 2e-07
2160 2e-07
2165 2e-07
2170 -4e-07
2175 -6e-07
2180 -6e-07
2185 -8e-07
2190 0
2195 8e-07
2200 6e-07
2205 0
2210 -6e-07
2215 -6e-07
2220 -4e-07
2225 -2e-07
2230 0
2235 0
2240 0
2245 0
2250 -2e-07
2255 0
2260 -2e-07
2265 -2e-07
2270 -2e-07
2275 0
2280 0
2285 0
2290 0
2295 0
2300 0
2305 -2e-07
2310 -2e-07
2315 0
2320 0
2325 0
2330 0
2335 0
2340 -4e-07
2345 -2e-07
2350 0
2355 0
2360 0
2365 0
2370 0
2375 0
2380 0
2385 0
2390 0
2395 0
2400 0
2405 0
2410 0
2415 0
2420 0
2425 0
2430 0
2435 0
2440 0
2445 0
2450 0
2455 0
2460 0
2465 0
2470 0
2475 0
2480 0
2485 0
2490 0
2495 0
2500 0
2505 0
2510 0
2515 0
2520 0
2525 0
2530 0
2535 0
2540 0
2545 0
2550 0
2555 0
2560 0
2565 0
2570 0
2575 0
2580 0
2585 0
2590 0
2595 0
2600 0
2605 0
2610 0
2615 0
2620 0
2625 0
2630 0
2635 0
2640 0
2645 0
2650 0
2655 0
2660 0
2665 0
2670 0
2675 0
2680 0
2685 0
2690 0
2695 0
2700 0
2705 0
2710 0
2715 0
2720 0
2725 0
2730 0
2735 0
2740 0
2745 0
2750 0
2755 0
2760 0
2765 0
2770 0
2775 0
2780 0
2785 0
2790 0
2795 0
2800 0
2805 0
2810 0
2815 0
2820 0
2825 0
2830 0
2835 0
2840 0
2845 0
2850 0
2855 0
2860 0
2865 0
2870 0
2875 0
2880 0
2885 0
2890 0
2895 0
2900 0
2905 0
2910 0
2915 0
2920 0
2925 0
2930 0
2935 0
2940 0
2945 0
2950 0
2955 0
2960 0
2965 0
2970 0
2975 0
2980 0
2985 0
2990 0
2995 0
3000 0
3005 0
3010 0
3015 0
3020 0
3025 0
3030 0
3035 0
3040 0
3045 0
3050 0
3055 0
3060 0
3065 0
3070 0
3075 0
3080 0
3085 0
3090 0
3095 0
3100 0
3105 0
3110 0
3115 0
3120 0
3125 0
3130 0
3135 0
3140 0
3145 0
3150 0
3155 0
3160 0
3165 0
3170 0
3175 0
3180 0
3185 0
3190 0
3195 0
3200 0
3205 0
3210 0
3215 0
3220 0
3225 0
3230 0
3235 0
3240 0
3245 0
3250 0
3255 0
3260 0
3265 0
3270 0
3275 0
3280 0
3285 0
3290 0
3295 0
3300 0
3305 0
3310 0
3315 0
3320 0
3325 0
3330 0
3335 0
3340 0
3345 0
3350 0
3355 0
3360 0
3365 0
3370 0
3375 0
3380 0
3385 0
3390 0
3395 0
3400 0
3405 0
3410 0
3415 0
3420 0
3425 0
3430 0
3435 0
3440 0
3445 0
3450 0
3455 0
3460 0
3465 0
3470 0
3475 0
3480 0
3485 0
3490 0
3495 0
3500 0
3505 0
3510 0
3515 0
3520 0
3525 0
3530 0
3535 0
3540 0
3545 0
3550 0
3555 0
3560 0
3565 0
3570 0
3575 0
3580 0
3585 0
3590 0
3595 0
3600 0
3605 0
3610 0
3615 0
3620 0
3625 0
3630 0
3635 0
3640 0
3645 0
3650 0
3655 0
3660 0
3665 0
3670 0
3675 0
3680 0
3685 0
3690 0
3695 0
3700 0
3705 0
3710 0
3715 0
3720 0
3725 0
3730 0
3735 0
3740 0
3745 0
3750 0
3755 0
3760 0
3765 0
3770 0
3775 0
3780 0
3785 0
3790 0
3795 0
3800 0
3805 0
3810 0
3815 0
3820 0
3825 0
3830 0
3835 0
3840 0
3845 0
3850 0
3855 0
3860 0
3865 0
3870 0
3875 0
3880 0
3885 0
3890 0
3895 0
3900 0
3905 0
3910 0
3915 0
3920 0
3925 0
3930 0
3935 0
3940 0
3945 0
3950 0
3955 0
3960 0
3965 0
3970 0
3975 0
3980 0
3985 0
3990 0
3995 0
