0 0.0317214
5 0.0135328
10 -0.0043274
15 0.0001294
20 0.011948
25 0.0064292
30 -0.003053
35 0.0022522
40 0.0110936
45 0.0064774
50 -7.96e-05
55 0.004873
60 0.0097996
65 0.0022004
70 -0.0031896
75 0.0041208
80 0.0105598
85 0.0038022
90 -0.001723
95 0.0036166
100 0.0075846
105 0.0006306
110 -0.0028896
115 0.0053414
120 0.0102254
125 0.0027352
130 -0.001934
135 0.0049394
140 0.0084364
145 -3.5e-05
150 -0.0055026
155 0.0008162
160 0.006602
165 0.003413
170 0.0012656
175 0.005447
180 0.0053434
185 -0.001671
190 -0.0026284
195 0.0047236
200 0.0058516
205 -0.0019612
210 -0.0035784
215 0.0047914
220 0.0081208
225 0.0005752
230 -0.0032108
235 0.0028308
240 0.0058272
245 0.0003504
250 -0.0018754
255 0.0038764
260 0.0054104
265 -0.0011474
270 -0.0036902
275 0.0022496
280 0.0050572
285 0.0003188
290 -0.0010578
295 0.0041824
300 0.0053786
305 -0.0002422
310 -0.0019992
315 0.0023838
320 0.0026094
325 -0.0026288
330 -0.0023978
335 0.0048666
340 0.0064344
345 -0.0006012
350 -0.003736
355 0.0016526
360 0.0049888
365 0.0004044
370 -0.0027744
375 0.0004294
380 0.00272
385 0.0001378
390 -0.0009434
395 0.0015274
400 0.001556
405 -0.0016218
410 -0.0008786
415 0.0033012
420 0.0031798
425 -0.0012148
430 -0.0017988
435 0.0016426
440 0.0013742
445 -0.0025518
450 -0.002147
455 0.0021668
460 0.002748
465 -0.0007116
470 -0.0008772
475 0.0022302
480 0.0017136
485 -0.0022364
490 -0.0024502
495 0.0011356
500 0.001814
505 -0.0007652
510 -0.000588
515 0.0018842
520 0.001135
525 -0.0016272
530 -0.0007308
535 0.0020908
540 0.0010522
545 -0.0020726
550 -0.0009462
555 0.0024548
560 0.0015836
565 -0.002137
570 -0.0017532
575 0.0015332
580 0.001599
585 -0.0010434
590 -0.000569
595 0.0019638
600 0.0012944
605 -0.0015982
610 -0.001432
615 0.0008556
620 0.0006516
625 -0.0012138
630 -0.0004642
635 0.0016684
640 0.0011294
645 -0.0009188
650 -0.0005938
655 0.0009332
660 0.0001534
665 -0.0015316
670 -0.0006474
675 0.0011382
680 0.0005136
685 -0.0011806
690 -0.0005694
695 0.0009682
700 0.0004036
705 -0.0010964
710 -0.0007046
715 0.0006168
720 0.0002966
725 -0.000537
730 -0.0001422
735 0.0003194
740 -0.0005038
745 -0.0009582
750 0.000172
755 0.0009554
760 -5.2e-06
765 -0.0008972
770 4e-07
775 0.0007652
780 -0.0002358
785 -0.0011768
790 -0.0004124
795 0.0004974
800 -1.62e-05
805 -0.000547
810 0.0001564
815 0.0006752
820 -0.0001046
825 -0.000695
830 -7.46e-05
835 0.0004116
840 -0.000351
845 -0.0008128
850 -4.06e-05
855 0.000507
860 -0.0001236
865 -0.0005744
870 -1.06e-05
875 0.0004566
880 -6.72e-05
885 -0.000472
890 -2.58e-05
895 0.00037
900 -0.000169
905 -0.0006208
910 -0.000203
915 0.0002754
920 4.9e-05
925 -0.000239
930 -2.76e-05
935 0.0002386
940 2.98e-05
945 -0.0002092
950 -0.0001102
955 -9.72e-05
960 -0.0002828
965 -0.0002816
970 7e-05
975 7.78e-05
980 -0.0002022
985 -0.0002634
990 6.92e-05
995 0.0001378
1000 -0.0001662
1005 -0.0002758
1010 -1.34e-05
1015 4.64e-05
1020 -0.0001968
1025 -0.0002756
1030 -2.6e-05
1035 1.42e-05
1040 -0.000165
1045 -0.0001688
1050 8.98e-05
1055 0.0001438
1060 -8.88e-05
1065 -0.000191
1070 -3.26e-05
1075 -6.34e-05
1080 -0.0003006
1085 -0.0003172
1090 -1.34e-05
1095 8.38e-05
1100 -8.56e-05
1105 -0.000111
1110 5.88e-05
1115 5.94e-05
1120 -0.0001798
1125 -0.0002776
1130 -0.0001296
1135 -4.96e-05
1140 -0.000118
1145 -0.00013
1150 -1.82e-05
1155 -1.4e-05
1160 -9.42e-05
1165 -6.56e-05
1170 2.02e-05
1175 -5.52e-05
1180 -0.0001988
1185 -0.0001416
1190 2.18e-05
1195 1.2e-05
1200 -0.0001768
1205 -0.0002294
1210 -7.82e-05
1215 1.14e-05
1220 -3.96e-05
1225 -5.64e-05
1230 -2.44e-05
1235 -2.76e-05
1240 -8.96e-05
1245 -8.58e-05
1250 -7.46e-05
1255 -0.0001202
1260 -0.0001416
1265 -8.02e-05
1270 -1.48e-05
1275 -4.2e-05
1280 -6.36e-05
1285 -2.12e-05
1290 -1.54e-05
1295 -0.000114
1300 -0.0001588
1305 -7.96e-05
1310 4.4e-06
1315 -5.56e-05
1320 -0.0001254
1325 -8.42e-05
1330 -1.06e-05
1335 -3.12e-05
1340 -0.0001134
1345 -0.0001052
1350 -4.26e-05
1355 -3.14e-05
1360 -5.66e-05
1365 -7.44e-05
1370 -7.94e-05
1375 -0.0001028
1380 -9.94e-05
1385 -4.86e-05
1390 -2.14e-05
1395 -5.24e-05
1400 -6.74e-05
1405 -2.46e-05
1410 -1e-06
1415 -4.9e-05
1420 -0.0001038
1425 -8.6e-05
1430 -3.74e-05
1435 -3.32e-05
1440 -5.88e-05
1445 -5.16e-05
1450 -5.8e-06
1455 -8.6e-06
1460 -5.46e-05
1465 -7.48e-05
1470 -4.46e-05
1475 -1.24e-05
1480 -1.88e-05
1485 -4.12e-05
1490 -4.82e-05
1495 -3.52e-05
1500 -2.2e-05
1505 -2.34e-05
1510 -3.44e-05
1515 -4.42e-05
1520 -3.34e-05
1525 -8.6e-06
1530 6e-06
1535 -1.82e-05
1540 -4.84e-05
1545 -4.88e-05
1550 -2.66e-05
1555 -1.64e-05
1560 -2.78e-05
1565 -3.88e-05
1570 -3.32e-05
1575 -1.62e-05
1580 -1.18e-05
1585 -2.14e-05
1590 -3.66e-05
1595 -4.46e-05
1600 -4.04e-05
1605 -2.7e-05
1610 -1.48e-05
1615 -1.44e-05
1620 -2.2e-05
1625 -2.14e-05
1630 -1.8e-05
1635 -2.22e-05
1640 -2.56e-05
1645 -2.12e-05
1650 -1.42e-05
1655 -1.84e-05
1660 -2.82e-05
1665 -1.82e-05
1670 -5.6e-06
1675 -1.2e-05
1680 -3e-05
1685 -2.92e-05
1690 -1.02e-05
1695 1.4e-06
1700 -9.8e-06
1705 -2.12e-05
1710 -1.66e-05
1715 -1e-05
1720 -1.04e-05
1725 -1.46e-05
1730 -1.52e-05
1735 -1.68e-05
1740 -1.98e-05
1745 -1.28e-05
1750 -2.2e-06
1755 -3.4e-06
1760 -1.74e-05
1765 -1.94e-05
1770 -1.02e-05
1775 -6.4e-06
1780 -1.42e-05
1785 -1.94e-05
1790 -1.28e-05
1795 -7.2e-06
1800 -1.1e-05
1805 -1.66e-05
1810 -1.22e-05
1815 -6.4e-06
1820 -6.8e-06
1825 -1.18e-05
1830 -1.22e-05
1835 -5.8e-06
1840 -4.2e-06
1845 -8.2e-06
1850 -1.26e-05
1855 -1.3e-05
1860 -7.2e-06
1865 -3.8e-06
1870 -6e-06
1875 -1.12e-05
1880 -1.24e-05
1885 -6.6e-06
1890 -3e-06
1895 -7.2e-06
1900 -1.28e-05
1905 -1.12e-05
1910 -7.4e-06
1915 -6.2e-06
1920 -7.4e-06
1925 -7.4e-06
1930 -6.6e-06
1935 -7e-06
1940 -7.6e-06
1945 -5.4e-06
1950 -3.4e-06
1955 -5.2e-06
1960 -7.6e-06
1965 -4.8e-06
1970 -2.4e-06
1975 -4e-06
1980 -7.2e-06
1985 -6.8e-06
1990 -3.2e-06
1995 -3.2e-06
2000 -5e-06
2005 -4.4e-06
2010 -2.6e-06
2015 -4.2e-06
2020 -6.2e-06
2025 -4.8e-06
2030 -1.6e-06
2035 -1.8e-06
2040 -3.8e-06
2045 -4e-06
2050 -2.2e-06
2055 -1.6e-06
2060 -3.2e-06
2065 -4.4e-06
2070 -3.2e-06
2075 -2.8e-06
2080 -3.4e-06
2085 -2.6e-06
2090 -1.6e-06
2095 -2.4e-06
2100 -3.8e-06
2105 -2.8e-06
2110 -1.2e-06
2115 -1.4e-06
2120 -3e-06
2125 -2.8e-06
2130 -1.6e-06
2135 -1.6e-06
2140 -2.4e-06
2145 -2.6e-06
2150 -1.8e-06
2155 -1.8e-06
2160 -2.4e-06
2165 -1.6e-06
2170 -1e-06
2175 -1.4e-06
2180 -2.2e-06
2185 -1.8e-06
2190 -1.4e-06
2195 -1.4e-06
2200 -2e-06
2205 -1.4e-06
2210 -6e-07
2215 -1.4e-06
2220 -2e-06
2225 -1.2e-06
2230 -8e-07
2235 -1.4e-06
2240 -2.2e-06
2245 -1.2e-06
2250 -8e-07
2255 -1.2e-06
2260 -1.8e-06
2265 -1e-06
2270 -6e-07
2275 -1e-06
2280 -1.2e-06
2285 -6e-07
2290 -4e-07
2295 -1.2e-06
2300 -1.4e-06
2305 -8e-07
2310 -4e-07
2315 -8e-07
2320 -1.2e-06
2325 -6e-07
2330 -2e-07
2335 -6e-07
2340 -1e-06
2345 -4e-07
2350 -4e-07
2355 -6e-07
2360 -6e-07
2365 -4e-07
2370 -4e-07
2375 -6e-07
2380 -4e-07
2385 -4e-07
2390 0
2395 -8e-07
2400 -4e-07
2405 -4e-07
2410 -2e-07
2415 -6e-07
2420 -6e-07
2425 -4e-07
2430 -2e-07
2435 -6e-07
2440 -4e-07
2445 -2e-07
2450 0
2455 -4e-07
2460 -2e-07
2465 0
2470 0
2475 -4e-07
2480 -2e-07
2485 0
2490 0
2495 0
2500 -2e-07
2505 0
2510 0
2515 -2e-07
2520 0
2525 0
2530 0
2535 -2e-07
2540 0
2545 0
2550 0
2555 0
2560 0
2565 0
2570 0
2575 0
2580 0
2585 0
2590 0
2595 0
2600 0
2605 0
2610 0
2615 0
2620 0
2625 0
2630 0
2635 0
2640 0
2645 0
2650 0
2655 0
2660 0
2665 0
2670 0
2675 0
2680 0
2685 0
2690 0
2695 0
2700 0
2705 0
2710 0
2715 0
2720 0
2725 0
2730 0
2735 0
2740 0
2745 0
2750 0
2755 0
2760 0
2765 0
2770 0
2775 0
2780 0
2785 0
2790 0
2795 0
2800 0
2805 0
2810 0
2815 0
2820 0
2825 0
2830 0
2835 0
2840 0
2845 0
2850 0
2855 0
2860 0
2865 0
2870 0
2875 0
2880 0
2885 0
2890 0
2895 0
2900 0
2905 0
2910 0
2915 0
2920 0
2925 0
2930 0
2935 0
2940 0
2945 0
2950 0
2955 0
2960 0
2965 0
2970 0
2975 0
2980 0
2985 0
2990 0
2995 0
3000 0
3005 0
3010 0
3015 0
3020 0
3025 0
3030 0
3035 0
3040 0
3045 0
3050 0
3055 0
3060 0
3065 0
3070 0
3075 0
3080 0
3085 0
3090 0
3095 0
3100 0
3105 0
3110 0
3115 0
3120 0
3125 0
3130 0
3135 0
3140 0
3145 0
3150 0
3155 0
3160 0
3165 0
3170 0
3175 0
3180 0
3185 0
3190 0
3195 0
3200 0
3205 0
3210 0
3215 0
3220 0
3225 0
3230 0
3235 0
3240 0
3245 0
3250 0
3255 0
3260 0
3265 0
3270 0
3275 0
3280 0
3285 0
3290 0
3295 0
3300 0
3305 0
3310 0
3315 0
3320 0
3325 0
3330 0
3335 0
3340 0
3345 0
3350 0
3355 0
3360 0
3365 0
3370 0
3375 0
3380 0
3385 0
3390 0
3395 0
3400 0
3405 0
3410 0
3415 0
3420 0
3425 0
3430 0
3435 0
3440 0
3445 0
3450 0
3455 0
3460 0
3465 0
3470 0
3475 0
3480 0
3485 0
3490 0
3495 0
3500 0
3505 0
3510 0
3515 0
3520 0
3525 0
3530 0
3535 0
3540 0
3545 0
3550 0
3555 0
3560 0
3565 0
3570 0
3575 0
3580 0
3585 0
3590 0
3595 0
3600 0
3605 0
3610 0
3615 0
3620 0
3625 0
3630 0
3635 0
3640 0
3645 0
3650 0
3655 0
3660 0
3665 0
3670 0
3675 0
3680 0
3685 0
3690 0
3695 0
3700 0
3705 0
3710 0
3715 0
3720 0
3725 0
3730 0
3735 0
3740 0
3745 0
3750 0
3755 0
3760 0
3765 0
3770 0
3775 0
3780 0
3785 0
3790 0
3795 0
3800 0
3805 0
3810 0
3815 0
3820 0
3825 0
3830 0
3835 0
3840 0
3845 0
3850 0
3855 0
3860 0
3865 0
3870 0
3875 0
3880 0
3885 0
3890 0
3895 0
3900 0
3905 0
3910 0
3915 0
3920 0
3925 0
3930 0
3935 0
3940 0
3945 0
3950 0
3955 0
3960 0
3965 0
3970 0
3975 0
3980 0
3985 0
3990 0
3995 0
