0 0.0329778
5 0.016131
10 -0.00034
15 0.002392
20 0.0123008
25 0.0080958
30 0.0001102
35 0.0040934
40 0.0116676
45 0.0088494
50 0.003497
55 0.0066032
60 0.009772
65 0.0038568
70 -0.0001866
75 0.0053614
80 0.0106304
85 0.0058796
90 0.001671
95 0.0048382
100 0.0069964
105 0.0018752
110 -0.000214
115 0.005912
120 0.0091416
125 0.0038516
130 0.0009754
135 0.0056432
140 0.0073068
145 0.0005926
150 -0.0032506
155 0.0011706
160 0.005651
165 0.004381
170 0.004027
175 0.006303
180 0.0042588
185 -0.0011096
190 -0.0006238
195 0.0052576
200 0.0048278
205 -0.0014534
210 -0.0017308
215 0.0053866
220 0.0071872
225 0.0006416
230 -0.0023198
235 0.0023212
240 0.0047142
245 0.0010498
250 -0.0001054
255 0.0040186
260 0.0045386
265 -0.0004376
270 -0.002516
275 0.0016798
280 0.0034636
285 0.0006836
290 0.0002592
295 0.0040854
300 0.0043352
305 0.0002292
310 -0.0010194
315 0.0016428
320 0.0012152
325 -0.0020474
330 -0.000746
335 0.0047614
340 0.0052376
345 -0.0002044
350 -0.0025756
355 0.0012668
360 0.0036326
365 0.0007584
370 -0.0015006
375 0.0005736
380 0.0023316
385 0.0010904
390 3.04e-05
395 0.0006934
400 0.0001112
405 -0.0011644
410 2.76e-05
415 0.0027172
420 0.0022228
425 -0.000406
430 -0.000653
435 0.000937
440 0.0001306
445 -0.0023266
450 -0.0014432
455 0.0016104
460 0.001996
465 7.3e-05
470 9.88e-05
475 0.0015744
480 0.0004022
485 -0.0022236
490 -0.0019368
495 0.0005544
500 0.0010972
505 -0.0001356
510 0.0001158
515 0.001135
520 4.76e-05
525 -0.0016734
530 -0.000584
535 0.0012332
540 0.0001946
545 -0.0015636
550 -0.000152
555 0.0021816
560 0.000914
565 -0.0022002
570 -0.002
575 0.0006058
580 0.0009514
585 -0.0005998
590 -0.0003066
595 0.0012848
600 0.0008804
605 -0.0011366
610 -0.0013398
615 -0.0001786
620 -4.44e-05
625 -0.0006118
630 0.0001654
635 0.0012902
640 0.0006284
645 -0.0007632
650 -0.0007454
655 -1.18e-05
660 -0.0004896
665 -0.0010158
670 -0.0002138
675 0.0008178
680 0.0002332
685 -0.0006352
690 -0.0002202
695 0.000326
700 -0.0003662
705 -0.0009504
710 -0.000229
715 0.000518
720 0.0001328
725 -0.0003388
730 -0.0001432
735 -0.000345
740 -0.001146
745 -0.0009954
750 0.000269
755 0.000783
760 -0.0001594
765 -0.0005974
770 0.0002322
775 0.0004374
780 -0.0006434
785 -0.001193
790 -0.0003786
795 0.000395
800 2.1e-05
805 -0.0002462
810 4.86e-05
815 6.76e-05
820 -0.000531
825 -0.00064
830 -9.32e-05
835 0.00011
840 -0.0002718
845 -0.0001896
850 0.0003924
855 0.0003192
860 -0.0004408
865 -0.0005824
870 4.7e-05
875 0.000237
880 -0.0001788
885 -0.0002074
890 0.0002844
895 0.0002706
900 -0.000322
905 -0.0005634
910 -0.0001834
915 8.2e-05
920 -5.4e-05
925 -8.24e-05
930 0.0001386
935 0.000146
940 -9.94e-05
945 -0.0002016
950 -0.0001468
955 -0.0002204
960 -0.0002606
965 4e-05
970 0.0003056
975 0.0001186
980 -0.000258
985 -0.00024
990 -6.78e-05
995 -0.0001828
1000 -0.0003548
1005 -0.0001856
1010 2.8e-05
1015 -3.5e-05
1020 -0.0001766
1025 -7.86e-05
1030 -4.56e-05
1035 -0.00026
1040 -0.0003456
1045 -8.12e-05
1050 0.0001936
1055 2.8e-05
1060 -0.000207
1065 -0.0001554
1070 -6.42e-05
1075 -0.0002658
1080 -0.0004626
1085 -0.0002044
1090 9.96e-05
1095 5.64e-05
1100 -0.0001684
1105 -0.0001082
1110 1.2e-06
1115 -0.0001468
1120 -0.0004048
1125 -0.0003536
1130 -8.94e-05
1135 -1.24e-05
1140 -9.48e-05
1145 -8.7e-05
1150 -4.9e-05
1155 -0.0001552
1160 -0.000273
1165 -0.0001918
1170 -8.22e-05
1175 -0.0001176
1180 -0.0001886
1185 -7.5e-05
1190 2.94e-05
1195 -0.0001072
1200 -0.0002906
1205 -0.000255
1210 -7.42e-05
1215 -2.5e-05
1220 -4.98e-05
1225 -3.1e-05
1230 -1.46e-05
1235 -0.000111
1240 -0.0002112
1245 -0.0001652
1250 -0.0001228
1255 -0.0001526
1260 -0.0001436
1265 -2.82e-05
1270 2.64e-05
1275 -6.48e-05
1280 -9.26e-05
1285 -4.08e-05
1290 -6.82e-05
1295 -0.000195
1300 -0.0001774
1305 -3.8e-06
1310 3.54e-05
1315 -0.0001322
1320 -0.0002088
1325 -8.62e-05
1330 -3.7e-05
1335 -0.0001478
1340 -0.0001848
1345 -5.42e-05
1350 2.18e-05
1355 -7.08e-05
1360 -0.000132
1365 -7.14e-05
1370 -6.66e-05
1375 -0.000154
1380 -0.0001376
1385 -5.4e-06
1390 3.14e-05
1395 -6.06e-05
1400 -9.68e-05
1405 -2.92e-05
1410 -2.16e-05
1415 -0.0001066
1420 -0.000126
1425 -5.24e-05
1430 -1.76e-05
1435 -5.14e-05
1440 -5.86e-05
1445 -1.38e-05
1450 -2.76e-05
1455 -9.48e-05
1460 -0.000107
1465 -5.24e-05
1470 -2.58e-05
1475 -3.98e-05
1480 -3.98e-05
1485 -1.9e-05
1490 -4.78e-05
1495 -7.76e-05
1500 -5.7e-05
1505 -1.96e-05
1510 -3.04e-05
1515 -5.18e-05
1520 -2.82e-05
1525 4.4e-06
1530 -1.98e-05
1535 -6.1e-05
1540 -5.52e-05
1545 -2.78e-05
1550 -2.62e-05
1555 -3.74e-05
1560 -1.36e-05
1565 8e-06
1570 -1.56e-05
1575 -4.48e-05
1580 -3.4e-05
1585 -1.8e-05
1590 -3.16e-05
1595 -4.5e-05
1600 -1.92e-05
1605 8e-06
1610 -2.6e-06
1615 -2.78e-05
1620 -2.44e-05
1625 -9.6e-06
1630 -1.44e-05
1635 -2.86e-05
1640 -1.22e-05
1645 8.4e-06
1650 2.8e-06
1655 -2.06e-05
1660 -2.52e-05
1665 -9.8e-06
1670 -8.6e-06
1675 -1.88e-05
1680 -1.5e-05
1685 0
1690 4.4e-06
1695 -4.8e-06
1700 -1.36e-05
1705 -1.5e-05
1710 -1.86e-05
1715 -2.32e-05
1720 -1.66e-05
1725 -5.2e-06
1730 -2.4e-06
1735 -7.8e-06
1740 -1.02e-05
1745 -9.2e-06
1750 -1.06e-05
1755 -1.68e-05
1760 -1.92e-05
1765 -1.5e-05
1770 -9.6e-06
1775 -9.4e-06
1780 -1.06e-05
1785 -1.12e-05
1790 -1.32e-05
1795 -1.64e-05
1800 -1.62e-05
1805 -1.26e-05
1810 -6e-06
1815 -5e-06
1820 -6.4e-06
1825 -9.4e-06
1830 -1.06e-05
1835 -1.2e-05
1840 -1.14e-05
1845 -1.16e-05
1850 -1.12e-05
1855 -8.6e-06
1860 -4.2e-06
1865 -3.2e-06
1870 -6.6e-06
1875 -1.14e-05
1880 -1.06e-05
1885 -9.4e-06
1890 -9.4e-06
1895 -9.8e-06
1900 -7.4e-06
1905 -3.8e-06
1910 -4.2e-06
1915 -6.6e-06
1920 -7.4e-06
1925 -6e-06
1930 -7.2e-06
1935 -8.4e-06
1940 -6.4e-06
1945 -2.2e-06
1950 -2.8e-06
1955 -6.4e-06
1960 -7.8e-06
1965 -5.6e-06
1970 -3.2e-06
1975 -3.2e-06
1980 -3.4e-06
1985 -2.8e-06
1990 -2.2e-06
1995 -3.2e-06
2000 -4.6e-06
2005 -4.4e-06
2010 -4.6e-06
2015 -4.2e-06
2020 -4e-06
2025 -2.4e-06
2030 -8e-07
2035 -4e-07
2040 -1.6e-06
2045 -2.8e-06
2050 -3.8e-06
2055 -3.2e-06
2060 -2.6e-06
2065 -2.4e-06
2070 -2.2e-06
2075 -1e-06
2080 -6e-07
2085 -1.4e-06
2090 -3e-06
2095 -3.2e-06
2100 -3.2e-06
2105 -2.8e-06
2110 -2e-06
2115 -1e-06
2120 -1.2e-06
2125 -2.4e-06
2130 -2.6e-06
2135 -1.6e-06
2140 -1e-06
2145 -1.8e-06
2150 -2e-06
2155 -1.4e-06
2160 -6e-07
2165 -1.4e-06
2170 -2e-06
2175 -1.6e-06
2180 -1.8e-06
2185 -2.4e-06
2190 -2.4e-06
2195 -1e-06
2200 -2e-07
2205 -1.2e-06
2210 -1.8e-06
2215 -1.4e-06
2220 -1.4e-06
2225 -1.4e-06
2230 -1.4e-06
2235 -1e-06
2240 -1e-06
2245 -1e-06
2250 -1e-06
2255 -6e-07
2260 -6e-07
2265 -1.4e-06
2270 -1.4e-06
2275 -1e-06
2280 -6e-07
2285 -6e-07
2290 -8e-07
2295 -6e-07
2300 -1e-06
2305 -1.2e-06
2310 -8e-07
2315 -2e-07
2320 -4e-07
2325 -6e-07
2330 -6e-07
2335 -4e-07
2340 -6e-07
2345 -1e-06
2350 -6e-07
2355 -6e-07
2360 -6e-07
2365 -8e-07
2370 -4e-07
2375 -2e-07
2380 -4e-07
2385 -8e-07
2390 -4e-07
2395 -2e-07
2400 -2e-07
2405 -8e-07
2410 -4e-07
2415 -2e-07
2420 -2e-07
2425 -6e-07
2430 -6e-07
2435 -4e-07
2440 -4e-07
2445 -4e-07
2450 -2e-07
2455 -2e-07
2460 0
2465 -2e-07
2470 -2e-07
2475 -2e-07
2480 -2e-07
2485 -2e-07
2490 0
2495 -2e-07
2500 0
2505 -2e-07
2510 0
2515 -2e-07
2520 0
2525 0
2530 0
2535 0
2540 0
2545 0
2550 0
2555 -2e-07
2560 0
2565 0
2570 0
2575 0
2580 0
2585 0
2590 0
2595 0
2600 0
2605 0
2610 0
2615 0
2620 0
2625 0
2630 0
2635 0
2640 0
2645 0
2650 0
2655 0
2660 0
2665 0
2670 0
2675 0
2680 0
2685 0
2690 0
2695 0
2700 0
2705 0
2710 0
2715 0
2720 0
2725 0
2730 0
2735 0
2740 0
2745 0
2750 0
2755 0
2760 0
2765 0
2770 0
2775 0
2780 0
2785 0
2790 0
2795 0
2800 0
2805 0
2810 0
2815 0
2820 0
2825 0
2830 0
2835 0
2840 0
2845 0
2850 0
2855 0
2860 0
2865 0
2870 0
2875 0
2880 0
2885 0
2890 0
2895 0
2900 0
2905 0
2910 0
2915 0
2920 0
2925 0
2930 0
2935 0
2940 0
2945 0
2950 0
2955 0
2960 0
2965 0
2970 0
2975 0
2980 0
2985 0
2990 0
2995 0
3000 0
3005 0
3010 0
3015 0
3020 0
3025 0
3030 0
3035 0
3040 0
3045 0
3050 0
3055 0
3060 0
3065 0
3070 0
3075 0
3080 0
3085 0
3090 0
3095 0
3100 0
3105 0
3110 0
3115 0
3120 0
3125 0
3130 0
3135 0
3140 0
3145 0
3150 0
3155 0
3160 0
3165 0
3170 0
3175 0
3180 0
3185 0
3190 0
3195 0
3200 0
3205 0
3210 0
3215 0
3220 0
3225 0
3230 0
3235 0
3240 0
3245 0
3250 0
3255 0
3260 0
3265 0
3270 0
3275 0
3280 0
3285 0
3290 0
3295 0
3300 0
3305 0
3310 0
3315 0
3320 0
3325 0
3330 0
3335 0
3340 0
3345 0
3350 0
3355 0
3360 0
3365 0
3370 0
3375 0
3380 0
3385 0
3390 0
3395 0
3400 0
3405 0
3410 0
3415 0
3420 0
3425 0
3430 0
3435 0
3440 0
3445 0
3450 0
3455 0
3460 0
3465 0
3470 0
3475 0
3480 0
3485 0
3490 0
3495 0
3500 0
3505 0
3510 0
3515 0
3520 0
3525 0
3530 0
3535 0
3540 0
3545 0
3550 0
3555 0
3560 0
3565 0
3570 0
3575 0
3580 0
3585 0
3590 0
3595 0
3600 0
3605 0
3610 0
3615 0
3620 0
3625 0
3630 0
3635 0
3640 0
3645 0
3650 0
3655 0
3660 0
3665 0
3670 0
3675 0
3680 0
3685 0
3690 0
3695 0
3700 0
3705 0
3710 0
3715 0
3720 0
3725 0
3730 0
3735 0
3740 0
3745 0
3750 0
3755 0
3760 0
3765 0
3770 0
3775 0
3780 0
3785 0
3790 0
3795 0
3800 0
3805 0
3810 0
3815 0
3820 0
3825 0
3830 0
3835 0
3840 0
3845 0
3850 0
3855 0
3860 0
3865 0
3870 0
3875 0
3880 0
3885 0
3890 0
3895 0
3900 0
3905 0
3910 0
3915 0
3920 0
3925 0
3930 0
3935 0
3940 0
3945 0
3950 0
3955 0
3960 0
3965 0
3970 0
3975 0
3980 0
3985 0
3990 0
3995 0
