0 0.0126802
5 0.0042214
10 -0.001855
15 -0.0032424
20 -0.000232
25 0.0017384
30 0.0016036
35 0.0009642
40 0.0010072
45 0.0012014
50 0.0012134
55 0.00071
60 0.0001444
65 -0.000446
70 0.0003306
75 0.0010854
80 0.0009226
85 0.0004698
90 0.001551
95 0.0022864
100 0.0008472
105 -0.0018686
110 -0.002054
115 0.000658
120 0.0028532
125 0.0025514
130 0.0011244
135 -5.76e-05
140 -0.0005458
145 -0.0003582
150 0.0001068
155 0.0003666
160 0.0003736
165 0.000891
170 0.0016168
175 0.0014108
180 8.38e-05
185 -0.0003102
190 0.000302
195 0.0006316
200 -0.000358
205 -0.0005702
210 0.0006428
215 0.0020052
220 0.0016604
225 0.0001774
230 -0.0011806
235 -0.0012592
240 -0.0002664
245 0.000967
250 0.0013888
255 0.0013688
260 0.0008296
265 0.0001424
270 -0.0008558
275 -0.001112
280 -0.0003152
285 0.0011854
290 0.0015808
295 0.0005586
300 -0.0002664
305 0.0001324
310 0.0007666
315 0.000314
320 -0.0007876
325 -0.0009566
330 -1.06e-05
335 0.0013872
340 0.0015444
345 0.0007188
350 -0.0004158
355 -0.0007494
360 -0.0003306
365 0.000115
370 8.36e-05
375 0.0004292
380 0.0009952
385 0.0009906
390 -4.08e-05
395 -0.0009578
400 -0.0007522
405 0.0001982
410 0.0005808
415 0.0003378
420 0.0001426
425 0.0002202
430 0.000422
435 0.0004796
440 3.36e-05
445 -0.0006026
450 -0.0007578
455 -1.36e-05
460 0.0007238
465 0.000725
470 0.0003154
475 0.0001814
480 0.0002176
485 -0.0002906
490 -0.0008424
495 -0.000516
500 0.0004272
505 0.0010002
510 0.0006868
515 -2.26e-05
520 -0.0005092
525 -0.000597
530 -0.000103
535 0.0003032
540 0.0003534
545 -5.64e-05
550 -2.76e-05
555 0.0005182
560 0.0004674
565 -0.0002158
570 -0.000636
575 -0.0003928
580 -6.82e-05
585 0.000123
590 0.0003384
595 0.0006766
600 0.00036
605 -0.0003076
610 -0.0007412
615 -0.0005194
620 -6.16e-05
625 0.0002776
630 0.0004462
635 0.0002996
640 -0.000101
645 -0.000309
650 -0.000166
655 2.44e-05
660 -8.8e-05
665 -0.0002276
670 3e-06
675 0.0002358
680 0.0001678
685 7e-05
690 1.6e-05
695 -8.1e-05
700 -0.0003144
705 -0.0004126
710 -8.28e-05
715 0.0002384
720 0.0003044
725 0.0002028
730 -2.88e-05
735 -0.0003672
740 -0.0005398
745 -0.0002648
750 0.000149
755 0.000252
760 6.14e-05
765 -5.66e-05
770 1.24e-05
775 -7.8e-05
780 -0.000232
785 -0.0002374
790 -7.34e-05
795 -2.52e-05
800 -1.06e-05
805 5.82e-05
810 9.14e-05
815 -8.46e-05
820 -0.0002188
825 -0.0002796
830 -0.0002452
835 -0.0001684
840 4.1e-05
845 0.000251
850 0.000184
855 -0.0001348
860 -0.0003746
865 -0.0002906
870 -0.0001172
875 -3.02e-05
880 2.58e-05
885 2.74e-05
890 2.12e-05
895 -6.04e-05
900 -0.0001118
905 -0.000156
910 -0.000172
915 -0.000164
920 -8.3e-05
925 2.36e-05
930 2.16e-05
935 -6e-06
940 -5.8e-06
945 -9.28e-05
950 -0.0001894
955 -0.0002528
960 -0.0001274
965 4.12e-05
970 0.0001058
975 2.54e-05
980 -7.2e-05
985 -0.000105
990 -0.000171
995 -0.0001566
1000 -0.0001126
1005 -5.88e-05
1010 -7.6e-06
1015 3.32e-05
1020 4.54e-05
1025 -4.4e-05
1030 -0.0001376
1035 -0.0001636
1040 -0.0001152
1045 -8.32e-05
1050 -5e-05
1055 -4.4e-06
1060 3.6e-05
1065 1.72e-05
1070 -8.62e-05
1075 -0.000161
1080 -0.0001766
1085 -0.0001038
1090 -2.64e-05
1095 3.16e-05
1100 2.84e-05
1105 -4.22e-05
1110 -8.8e-05
1115 -7.96e-05
1120 -0.0001078
1125 -0.0001256
1130 -8.86e-05
1135 6e-06
1140 4.94e-05
1145 -3.8e-06
1150 -6.9e-05
1155 -7.58e-05
1160 -5.3e-05
1165 -5.26e-05
1170 -5.64e-05
1175 -4.28e-05
1180 -3.14e-05
1185 6e-07
1190 1.64e-05
1195 -2.12e-05
1200 -9e-05
1205 -9.9e-05
1210 -5.3e-05
1215 -3.38e-05
1220 -2.34e-05
1225 -1.1e-05
1230 2.3e-05
1235 9.2e-06
1240 -5.48e-05
1245 -0.0001094
1250 -9.54e-05
1255 -3.22e-05
1260 2.6e-06
1265 -3.6e-06
1270 -1.96e-05
1275 -3.82e-05
1280 -3.28e-05
1285 -8.4e-06
1290 -3e-05
1295 -5.7e-05
1300 -7.36e-05
1305 -1.58e-05
1310 2.1e-05
1315 1.42e-05
1320 -2.56e-05
1325 -4.7e-05
1330 -3.74e-05
1335 -4.18e-05
1340 -3.94e-05
1345 -1.66e-05
1350 2.14e-05
1355 2.06e-05
1360 -1.02e-05
1365 -4.38e-05
1370 -5.44e-05
1375 -3.48e-05
1380 -1.34e-05
1385 -4.8e-06
1390 -1.08e-05
1395 -9.2e-06
1400 1.4e-06
1405 4.2e-06
1410 -1.56e-05
1415 -4.44e-05
1420 -4.04e-05
1425 -9.8e-06
1430 5.2e-06
1435 -7.2e-06
1440 -1.22e-05
1445 -7.6e-06
1450 -3.6e-06
1455 -1.04e-05
1460 -2.54e-05
1465 -2.28e-05
1470 -1.48e-05
1475 7e-06
1480 9.6e-06
1485 -7e-06
1490 -2.58e-05
1495 -1.98e-05
1500 -3.6e-06
1505 -5.2e-06
1510 -1.98e-05
1515 -1.94e-05
1520 -8e-07
1525 1.18e-05
1530 2.4e-06
1535 -1.24e-05
1540 -2.2e-05
1545 -1.58e-05
1550 -1.16e-05
1555 -1.02e-05
1560 -8.8e-06
1565 -1.4e-06
1570 3.8e-06
1575 4e-06
1580 -1.12e-05
1585 -2.04e-05
1590 -1.5e-05
1595 2.6e-06
1600 1e-05
1605 -1.2e-06
1610 -1.24e-05
1615 -7.2e-06
1620 2.8e-06
1625 -4e-07
1630 -1.34e-05
1635 -1.5e-05
1640 -8e-06
1645 5.8e-06
1650 7e-06
1655 -2.4e-06
1660 -1.16e-05
1665 -9.4e-06
1670 -3.2e-06
1675 -8e-07
1680 -5e-06
1685 -5e-06
1690 2e-07
1695 6.6e-06
1700 -2e-06
1705 -1.02e-05
1710 -9.8e-06
1715 -2e-06
1720 1.8e-06
1725 -2.4e-06
1730 -4.8e-06
1735 -2.4e-06
1740 -1.69407e-22
1745 8e-07
1750 -2.6e-06
1755 -5.6e-06
1760 -5.2e-06
1765 -6e-07
1770 1.4e-06
1775 -1.4e-06
1780 -3.4e-06
1785 -2e-06
1790 1.2e-06
1795 -1.4e-06
1800 -5e-06
1805 -4.2e-06
1810 -1.69407e-22
1815 2e-06
1820 2e-07
1825 -3.6e-06
1830 -3.2e-06
1835 -1.8e-06
1840 -8e-07
1845 -6e-07
1850 -1.4e-06
1855 -1.6e-06
1860 -8e-07
1865 6e-07
1870 -2e-07
1875 -2.4e-06
1880 -2.4e-06
1885 -6e-07
1890 8e-07
1895 -1e-06
1900 -1.8e-06
1905 0
1910 2.2e-06
1915 8e-07
1920 -2.6e-06
1925 -3.4e-06
1930 -8e-07
1935 1.4e-06
1940 1.8e-06
1945 -4e-07
1950 -1.4e-06
1955 -1e-06
1960 0
1965 0
1970 -8e-07
1975 -1.6e-06
1980 -2e-07
1985 1e-06
1990 6e-07
1995 -8e-07
2000 -8e-07
2005 -4e-07
2010 -2e-07
2015 -6e-07
2020 -6e-07
2025 0
2030 6e-07
2035 4e-07
2040 -2e-07
2045 -1.4e-06
2050 -1.2e-06
2055 -4e-07
2060 4e-07
2065 0
2070 -6e-07
2075 -2e-07
2080 2e-07
2085 2e-07
2090 -2e-07
2095 -6e-07
2100 -6e-07
2105 0
2110 6e-07
2115 0
2120 -2e-07
2125 2e-07
2130 2e-07
2135 -4e-07
2140 -4e-07
2145 -6e-07
2150 2e-07
2155 4e-07
2160 2e-07
2165 -4e-07
2170 -8e-07
2175 -2e-07
2180 0
2185 0
2190 -2e-07
2195 -2e-07
2200 0
2205 2e-07
2210 0
2215 0
2220 0
2225 -2e-07
2230 -2e-07
2235 -2e-07
2240 -2e-07
2245 0
2250 2e-07
2255 2e-07
2260 -2e-07
2265 -4e-07
2270 0
2275 0
2280 0
2285 0
2290 0
2295 0
2300 0
2305 0
2310 -2e-07
2315 0
2320 0
2325 0
2330 0
2335 -2e-07
2340 0
2345 0
2350 0
2355 0
2360 0
2365 0
2370 0
2375 0
2380 0
2385 0
2390 0
2395 0
2400 0
2405 0
2410 0
2415 0
2420 0
2425 0
2430 0
2435 0
2440 0
2445 0
2450 0
2455 0
2460 0
2465 0
2470 0
2475 0
2480 0
2485 0
2490 0
2495 0
2500 0
2505 0
2510 0
2515 0
2520 0
2525 0
2530 0
2535 0
2540 0
2545 0
2550 0
2555 0
2560 0
2565 0
2570 0
2575 0
2580 0
2585 0
2590 0
2595 0
2600 0
2605 0
2610 0
2615 0
2620 0
2625 0
2630 0
2635 0
2640 0
2645 0
2650 0
2655 0
2660 0
2665 0
2670 0
2675 0
2680 0
2685 0
2690 0
2695 0
2700 0
2705 0
2710 0
2715 0
2720 0
2725 0
2730 0
2735 0
2740 0
2745 0
2750 0
2755 0
2760 0
2765 0
2770 0
2775 0
2780 0
2785 0
2790 0
2795 0
2800 0
2805 0
2810 0
2815 0
2820 0
2825 0
2830 0
2835 0
2840 0
2845 0
2850 0
2855 0
2860 0
2865 0
2870 0
2875 0
2880 0
2885 0
2890 0
2895 0
2900 0
2905 0
2910 0
2915 0
2920 0
2925 0
2930 0
2935 0
2940 0
2945 0
2950 0
2955 0
2960 0
2965 0
2970 0
2975 0
2980 0
2985 0
2990 0
2995 0
3000 0
3005 0
3010 0
3015 0
3020 0
3025 0
3030 0
3035 0
3040 0
3045 0
3050 0
3055 0
3060 0
3065 0
3070 0
3075 0
3080 0
3085 0
3090 0
3095 0
3100 0
3105 0
3110 0
3115 0
3120 0
3125 0
3130 0
3135 0
3140 0
3145 0
3150 0
3155 0
3160 0
3165 0
3170 0
3175 0
3180 0
3185 0
3190 0
3195 0
3200 0
3205 0
3210 0
3215 0
3220 0
3225 0
3230 0
3235 0
3240 0
3245 0
3250 0
3255 0
3260 0
3265 0
3270 0
3275 0
3280 0
3285 0
3290 0
3295 0
3300 0
3305 0
3310 0
3315 0
3320 0
3325 0
3330 0
3335 0
3340 0
3345 0
3350 0
3355 0
3360 0
3365 0
3370 0
3375 0
3380 0
3385 0
3390 0
3395 0
3400 0
3405 0
3410 0
3415 0
3420 0
3425 0
3430 0
3435 0
3440 0
3445 0
3450 0
3455 0
3460 0
3465 0
3470 0
3475 0
3480 0
3485 0
3490 0
3495 0
3500 0
3505 0
3510 0
3515 0
3520 0
3525 0
3530 0
3535 0
3540 0
3545 0
3550 0
3555 0
3560 0
3565 0
3570 0
3575 0
3580 0
3585 0
3590 0
3595 0
3600 0
3605 0
3610 0
3615 0
3620 0
3625 0
3630 0
3635 0
3640 0
3645 0
3650 0
3655 0
3660 0
3665 0
3670 0
3675 0
3680 0
3685 0
3690 0
3695 0
3700 0
3705 0
3710 0
3715 0
3720 0
3725 0
3730 0
3735 0
3740 0
3745 0
3750 0
3755 0
3760 0
3765 0
3770 0
3775 0
3780 0
3785 0
3790 0
3795 0
3800 0
3805 0
3810 0
3815 0
3820 0
3825 0
3830 0
3835 0
3840 0
3845 0
3850 0
3855 0
3860 0
3865 0
3870 0
3875 0
3880 0
3885 0
3890 0
3895 0
3900 0
3905 0
3910 0
3915 0
3920 0
3925 0
3930 0
3935 0
3940 0
3945 0
3950 0
3955 0
3960 0
3965 0
3970 0
3975 0
3980 0
3985 0
3990 0
3995 0
