0 0.0117672
5 0.0036648
10 -0.0022582
15 -0.0035258
20 -0.000212
25 0.0018602
30 0.0015744
35 0.0005664
40 0.0004282
45 0.0006562
50 0.001017
55 0.0006584
60 -1.74e-05
65 -0.0006368
70 0.0001318
75 0.000762
80 0.0005862
85 8.28e-05
90 0.0012078
95 0.001883
100 0.0006178
105 -0.0018128
110 -0.0019388
115 0.0003286
120 0.0023482
125 0.0020882
130 0.0009288
135 -0.0001092
140 -0.0006254
145 -0.000597
150 0.000141
155 0.0004442
160 0.000351
165 0.0004162
170 0.0008484
175 0.0007858
180 0.0001702
185 -0.0002838
190 0.0002476
195 0.0004158
200 -0.000346
205 -0.0007174
210 0.000277
215 0.001487
220 0.001512
225 0.0001844
230 -0.0011926
235 -0.001343
240 -0.0003622
245 0.0009084
250 0.0012592
255 0.0008854
260 0.0003438
265 -1.52e-05
270 -0.0006738
275 -0.0009984
280 -0.0002828
285 0.0009336
290 0.0012608
295 0.0003328
300 -0.0005922
305 -8.96e-05
310 0.000831
315 0.000613
320 -0.000772
325 -0.001263
330 -0.0003748
335 0.001222
340 0.0016326
345 0.0004926
350 -0.0007964
355 -0.0009344
360 -2.2e-06
365 0.0003558
370 -0.0001214
375 -0.0001282
380 0.000584
385 0.0009744
390 6.4e-05
395 -0.00101
400 -0.000983
405 4.98e-05
410 0.0007158
415 0.0005494
420 -7.9e-05
425 -0.0003328
430 -3.74e-05
435 0.000449
440 0.0002844
445 -0.00042
450 -0.0008702
455 -0.0003718
460 0.0004816
465 0.0007282
470 0.0003394
475 6.72e-05
480 -6.68e-05
485 -0.0003022
490 -0.0006596
495 -0.0004006
500 0.0003028
505 0.0007886
510 0.0005076
515 -8.68e-05
520 -0.0006222
525 -0.0005346
530 -7.8e-05
535 0.0004422
540 0.0002464
545 -0.0003284
550 -0.000468
555 0.0002376
560 0.0006398
565 8.2e-05
570 -0.000571
575 -0.00055
580 -0.0001698
585 6.82e-05
590 0.0002646
595 0.00052
600 0.0003806
605 -0.0002324
610 -0.0006674
615 -0.0005252
620 -1.78e-05
625 0.0004076
630 0.0004284
635 0.0001778
640 -0.0003094
645 -0.000403
650 -6.56e-05
655 0.0002222
660 5.24e-05
665 -0.000248
670 -0.0001738
675 7.04e-05
680 5.68e-05
685 -8.84e-05
690 5.4e-06
695 0.0001278
700 -9.48e-05
705 -0.0004508
710 -0.0003056
715 0.0002334
720 0.000404
725 0.000234
730 -0.000158
735 -0.000374
740 -0.0003364
745 -2.66e-05
750 0.0002504
755 0.0001498
760 -0.0001554
765 -0.0002348
770 -8.6e-06
775 8.62e-05
780 -3.3e-05
785 -7.34e-05
790 -6.54e-05
795 -8.16e-05
800 -9.28e-05
805 1.98e-05
810 0.000112
815 8.32e-05
820 -2.36e-05
825 -0.0001196
830 -0.0001842
835 -0.0001294
840 8.8e-06
845 0.0001988
850 0.0002072
855 -4.6e-05
860 -0.0002676
865 -0.0001946
870 3.24e-05
875 0.0001312
880 3.4e-05
885 -6.22e-05
890 -5.74e-05
895 6.4e-06
900 -8.2e-06
905 -3.48e-05
910 -8.78e-05
915 -6.76e-05
920 -1.08e-05
925 1.8e-06
930 -3.32e-05
935 -5.6e-06
940 8.7e-05
945 4.88e-05
950 -9.34e-05
955 -0.0002022
960 -8.04e-05
965 8.5e-05
970 0.0001662
975 4.66e-05
980 -7e-05
985 -0.00011
990 -7.48e-05
995 -8e-07
1000 2.98e-05
1005 3.48e-05
1010 6e-06
1015 -3.54e-05
1020 -4.64e-05
1025 -3.96e-05
1030 1.3e-05
1035 2.16e-05
1040 -1.98e-05
1045 -9.04e-05
1050 -9.78e-05
1055 -1.5e-05
1060 8.06e-05
1065 7.22e-05
1070 -2.06e-05
1075 -7.82e-05
1080 -8.2e-05
1085 -6.58e-05
1090 -3.6e-06
1095 4.42e-05
1100 2.58e-05
1105 -5.14e-05
1110 -7.34e-05
1115 -8e-06
1120 1.96e-05
1125 -2.68e-05
1130 -3.44e-05
1135 6.8e-06
1140 1.8e-05
1145 -3.66e-05
1150 -5.14e-05
1155 -1.18e-05
1160 3.06e-05
1165 1.8e-06
1170 -4.04e-05
1175 -5.44e-05
1180 -2.96e-05
1185 2.18e-05
1190 4.84e-05
1195 3.16e-05
1200 -4.16e-05
1205 -6.66e-05
1210 -1.28e-05
1215 2.62e-05
1220 1.22e-05
1225 -2.62e-05
1230 -2.64e-05
1235 1.44e-05
1240 -9.8e-06
1245 -4.14e-05
1250 -2.56e-05
1255 2.48e-05
1260 2.92e-05
1265 -2.08e-05
1270 -4.78e-05
1275 -3.1e-05
1280 1.22e-05
1285 2.72e-05
1290 1.88e-05
1295 -2.24e-05
1300 -3.68e-05
1305 -1.6e-05
1310 2.74e-05
1315 2.34e-05
1320 -4.6e-06
1325 -1.26e-05
1330 -1.32e-05
1335 -3.8e-06
1340 -1.76e-05
1345 -2.2e-06
1350 1.28e-05
1355 7.8e-06
1360 -1.06e-05
1365 -2.86e-05
1370 -2.18e-05
1375 -6.2e-06
1380 2e-07
1385 3.8e-06
1390 -1.82e-05
1395 -2.98e-05
1400 -1.28e-05
1405 2e-05
1410 1.54e-05
1415 -8e-06
1420 -3.16e-05
1425 -1.96e-05
1430 0
1435 6e-06
1440 -1.4e-06
1445 -4.6e-06
1450 3.2e-06
1455 5.6e-06
1460 -5.4e-06
1465 -1.04e-05
1470 -1.14e-05
1475 7.6e-06
1480 1.36e-05
1485 1e-06
1490 -2.36e-05
1495 -1.62e-05
1500 8.2e-06
1505 1.9e-05
1510 -2.4e-06
1515 -2.16e-05
1520 -1.48e-05
1525 5e-06
1530 1.24e-05
1535 2.4e-06
1540 -8.4e-06
1545 -8e-06
1550 -3e-06
1555 1.6e-06
1560 -4.2e-06
1565 -2e-06
1570 1.8e-06
1575 7.4e-06
1580 -1.6e-06
1585 -1.1e-05
1590 -9.4e-06
1595 3e-06
1600 1.22e-05
1605 -8e-07
1610 -1.5e-05
1615 -1.24e-05
1620 1.2e-06
1625 9.4e-06
1630 1.8e-06
1635 -7.4e-06
1640 -7.6e-06
1645 -4.6e-06
1650 2e-07
1655 5e-06
1660 1.6e-06
1665 -3e-06
1670 -6.4e-06
1675 -2.6e-06
1680 -3.6e-06
1685 -4.6e-06
1690 -1e-06
1695 5.8e-06
1700 3.4e-06
1705 -3e-06
1710 -5.8e-06
1715 -2.2e-06
1720 3.4e-06
1725 3.4e-06
1730 -2.6e-06
1735 -4.4e-06
1740 -3e-06
1745 2e-06
1750 3.8e-06
1755 1e-06
1760 -3e-06
1765 -3.4e-06
1770 -2e-07
1775 1.4e-06
1780 -8e-07
1785 -2.6e-06
1790 -2e-07
1795 1.2e-06
1800 -2e-07
1805 -2.8e-06
1810 -1.6e-06
1815 8e-07
1820 1.8e-06
1825 -2e-07
1830 -2e-06
1835 -8e-07
1840 2e-07
1845 1.4e-06
1850 8e-07
1855 -1.2e-06
1860 -1.2e-06
1865 -6e-07
1870 1.69407e-22
1875 -2e-07
1880 1.69407e-22
1885 4e-07
1890 2e-07
1895 -1e-06
1900 -2.2e-06
1905 -4e-07
1910 6e-07
1915 4e-07
1920 0
1925 -8e-07
1930 -1e-06
1935 2e-07
1940 1e-06
1945 2e-07
1950 -6e-07
1955 -6e-07
1960 0
1965 0
1970 -6e-07
1975 -4e-07
1980 -6e-07
1985 -2e-07
1990 0
1995 -2e-07
2000 -2e-07
2005 0
2010 6e-07
2015 -8.47033e-23
2020 -4e-07
2025 -6e-07
2030 -2e-07
2035 6e-07
2040 6e-07
2045 -2e-07
2050 -2e-07
2055 2e-07
2060 6e-07
2065 0
2070 -6e-07
2075 -8e-07
2080 -4e-07
2085 2e-07
2090 6e-07
2095 0
2100 -8e-07
2105 -4e-07
2110 0
2115 -2e-07
2120 -4e-07
2125 -4e-07
2130 0
2135 0
2140 2e-07
2145 -2e-07
2150 -6e-07
2155 -2e-07
2160 -2e-07
2165 -2e-07
2170 -2e-07
2175 0
2180 2e-07
2185 0
2190 -2e-07
2195 -6e-07
2200 -4e-07
2205 0
2210 2e-07
2215 0
2220 0
2225 -2e-07
2230 0
2235 0
2240 2e-07
2245 -2e-07
2250 0
2255 0
2260 0
2265 0
2270 0
2275 0
2280 0
2285 -2e-07
2290 0
2295 0
2300 0
2305 -2e-07
2310 0
2315 0
2320 0
2325 0
2330 0
2335 0
2340 0
2345 0
2350 0
2355 0
2360 0
2365 0
2370 0
2375 0
2380 0
2385 0
2390 0
2395 0
2400 0
2405 0
2410 0
2415 0
2420 0
2425 0
2430 0
2435 0
2440 0
2445 0
2450 0
2455 0
2460 0
2465 0
2470 0
2475 0
2480 0
2485 0
2490 0
2495 0
2500 0
2505 0
2510 0
2515 0
2520 0
2525 0
2530 0
2535 0
2540 0
2545 0
2550 0
2555 0
2560 0
2565 0
2570 0
2575 0
2580 0
2585 0
2590 0
2595 0
2600 0
2605 0
2610 0
2615 0
2620 0
2625 0
2630 0
2635 0
2640 0
2645 0
2650 0
2655 0
2660 0
2665 0
2670 0
2675 0
2680 0
2685 0
2690 0
2695 0
2700 0
2705 0
2710 0
2715 0
2720 0
2725 0
2730 0
2735 0
2740 0
2745 0
2750 0
2755 0
2760 0
2765 0
2770 0
2775 0
2780 0
2785 0
2790 0
2795 0
2800 0
2805 0
2810 0
2815 0
2820 0
2825 0
2830 0
2835 0
2840 0
2845 0
2850 0
2855 0
2860 0
2865 0
2870 0
2875 0
2880 0
2885 0
2890 0
2895 0
2900 0
2905 0
2910 0
2915 0
2920 0
2925 0
2930 0
2935 0
2940 0
2945 0
2950 0
2955 0
2960 0
2965 0
2970 0
2975 0
2980 0
2985 0
2990 0
2995 0
3000 0
3005 0
3010 0
3015 0
3020 0
3025 0
3030 0
3035 0
3040 0
3045 0
3050 0
3055 0
3060 0
3065 0
3070 0
3075 0
3080 0
3085 0
3090 0
3095 0
3100 0
3105 0
3110 0
3115 0
3120 0
3125 0
3130 0
3135 0
3140 0
3145 0
3150 0
3155 0
3160 0
3165 0
3170 0
3175 0
3180 0
3185 0
3190 0
3195 0
3200 0
3205 0
3210 0
3215 0
3220 0
3225 0
3230 0
3235 0
3240 0
3245 0
3250 0
3255 0
3260 0
3265 0
3270 0
3275 0
3280 0
3285 0
3290 0
3295 0
3300 0
3305 0
3310 0
3315 0
3320 0
3325 0
3330 0
3335 0
3340 0
3345 0
3350 0
3355 0
3360 0
3365 0
3370 0
3375 0
3380 0
3385 0
3390 0
3395 0
3400 0
3405 0
3410 0
3415 0
3420 0
3425 0
3430 0
3435 0
3440 0
3445 0
3450 0
3455 0
3460 0
3465 0
3470 0
3475 0
3480 0
3485 0
3490 0
3495 0
3500 0
3505 0
3510 0
3515 0
3520 0
3525 0
3530 0
3535 0
3540 0
3545 0
3550 0
3555 0
3560 0
3565 0
3570 0
3575 0
3580 0
3585 0
3590 0
3595 0
3600 0
3605 0
3610 0
3615 0
3620 0
3625 0
3630 0
3635 0
3640 0
3645 0
3650 0
3655 0
3660 0
3665 0
3670 0
3675 0
3680 0
3685 0
3690 0
3695 0
3700 0
3705 0
3710 0
3715 0
3720 0
3725 0
3730 0
3735 0
3740 0
3745 0
3750 0
3755 0
3760 0
3765 0
3770 0
3775 0
3780 0
3785 0
3790 0
3795 0
3800 0
3805 0
3810 0
3815 0
3820 0
3825 0
3830 0
3835 0
3840 0
3845 0
3850 0
3855 0
3860 0
3865 0
3870 0
3875 0
3880 0
3885 0
3890 0
3895 0
3900 0
3905 0
3910 0
3915 0
3920 0
3925 0
3930 0
3935 0
3940 0
3945 0
3950 0
3955 0
3960 0
3965 0
3970 0
3975 0
3980 0
3985 0
3990 0
3995 0
