0 0.012734
5 0.0046722
10 -0.001049
15 -0.0024542
20 0.000483
25 0.0021424
30 0.001979
35 0.001553
40 0.0021708
45 0.00248
50 0.0017636
55 0.0005958
60 0.0002012
65 0.0003162
70 0.0011402
75 0.001299
80 0.0012018
85 0.0012226
90 0.0024426
95 0.0026976
100 0.0009834
105 -0.0015352
110 -0.0015268
115 0.0008732
120 0.0029876
125 0.0026422
130 0.0016274
135 0.0008332
140 0.0004194
145 -0.0001618
150 -0.00018
155 0.0004364
160 0.0014172
165 0.0018836
170 0.0015494
175 0.0007834
180 0.0004292
185 0.0006326
190 0.0009452
195 0.0002492
200 -0.0005758
205 1.06e-05
210 0.0015966
215 0.0024608
220 0.0015938
225 0.0002598
230 -0.0004334
235 -0.000398
240 -0.0001012
245 0.0002686
250 0.0013304
255 0.0022712
260 0.0020494
265 0.0004168
270 -0.0012128
275 -0.001292
280 0.0002332
285 0.0018176
290 0.0016832
295 0.000377
300 1.16e-05
305 0.0009298
310 0.0013258
315 0.0001102
320 -0.000983
325 -0.0005528
330 0.0008492
335 0.0014238
340 0.0010694
345 0.0006918
350 0.0005906
355 0.0002522
360 -0.000366
365 -0.0006208
370 -0.0002232
375 0.001021
380 0.001862
385 0.0014696
390 -3.84e-05
395 -0.000927
400 -0.0003846
405 0.0006644
410 0.0006122
415 0.0002556
420 0.0003026
425 0.0008046
430 0.0007402
435 0.0001686
440 -6.12e-05
445 0.0001832
450 0.000136
455 -0.0001882
460 -2.1e-05
465 0.0006202
470 0.000982
475 0.000925
480 0.0003126
485 -0.0004514
490 -0.000984
495 -0.0005356
500 0.0005666
505 0.001183
510 0.0009156
515 0.0002498
520 -0.0001084
525 -0.0002718
530 -0.0004472
535 -0.0001532
540 0.000458
545 0.0006124
550 0.0002132
555 1.78e-05
560 0.0002936
565 0.0004908
570 0.0001732
575 -0.0003598
580 -0.0005966
585 -0.0002626
590 0.000451
595 0.0009402
600 0.0007298
605 -4e-07
610 -0.0006212
615 -0.0005098
620 -0.0001066
625 0.0002484
630 0.0004268
635 0.0005436
640 0.000418
645 -4.8e-06
650 -0.0003978
655 -0.0003354
660 0.000105
665 0.0002668
670 0.0001128
675 -6.24e-05
680 -2.84e-05
685 0.0002772
690 0.0003444
695 9.76e-05
700 -0.000319
705 -0.0003998
710 -9.82e-05
715 0.0002472
720 0.0003082
725 0.0002
730 0.0001244
735 7.4e-06
740 -0.0002532
745 -0.0004244
750 -0.0001498
755 0.000229
760 0.0003706
765 0.0001796
770 -9.86e-05
775 -0.0002278
780 -0.0001672
785 -8.3e-05
790 -2.94e-05
795 -5.22e-05
800 -7.38e-05
805 3.56e-05
810 0.0001354
815 0.0001094
820 -8.04e-05
825 -0.0001554
830 -0.0002194
835 -0.0002326
840 -0.0001218
845 0.0001138
850 0.0003558
855 0.0002792
860 -0.0001296
865 -0.0003968
870 -0.0003468
875 -0.00013
880 0.0001012
885 0.00019
890 0.0001728
895 1.62e-05
900 -9.12e-05
905 -0.0001454
910 -0.0001488
915 -9.5e-05
920 -1.58e-05
925 7.32e-05
930 5.98e-05
935 -2.32e-05
940 7.6e-06
945 9.04e-05
950 2e-05
955 -0.0001578
960 -0.0002536
965 -8.44e-05
970 0.0001374
975 0.0002202
980 0.0001004
985 -5.32e-05
990 -0.0001624
995 -0.0001788
1000 -0.0001054
1005 -2.46e-05
1010 5.48e-05
1015 9.02e-05
1020 7.32e-05
1025 -1.46e-05
1030 -0.0001094
1035 -0.000113
1040 -4.42e-05
1045 2.24e-05
1050 1.18e-05
1055 -6.8e-05
1060 -3.42e-05
1065 6.82e-05
1070 6.12e-05
1075 -2.26e-05
1080 -0.0001274
1085 -0.00016
1090 -0.000103
1095 1.6e-06
1100 8.68e-05
1105 8.28e-05
1110 6.2e-06
1115 -6.42e-05
1120 -0.0001458
1125 -0.0001548
1130 -8.62e-05
1135 4.18e-05
1140 8e-05
1145 3.72e-05
1150 -5.92e-05
1155 -7.36e-05
1160 -4.84e-05
1165 -3.78e-05
1170 -5.84e-05
1175 -6.58e-05
1180 -4.14e-05
1185 8.2e-06
1190 1.22e-05
1195 1.06e-05
1200 -6.8e-06
1205 -5.42e-05
1210 -9.96e-05
1215 -9.62e-05
1220 -3.76e-05
1225 2.3e-05
1230 4.1e-05
1235 3.1e-05
1240 -3.54e-05
1245 -0.000101
1250 -0.0001004
1255 -3.22e-05
1260 1.48e-05
1265 6e-07
1270 -2.98e-05
1275 -1.16e-05
1280 -1.82e-05
1285 -3.6e-05
1290 -4.96e-05
1295 -4.02e-05
1300 -4.46e-05
1305 -2.9e-05
1310 -1.6e-05
1315 -1.6e-06
1320 -3.8e-06
1325 -7e-06
1330 -1.5e-05
1335 -4.12e-05
1340 -6.9e-05
1345 -5.44e-05
1350 4.4e-06
1355 3.12e-05
1360 1.42e-05
1365 -2.74e-05
1370 -4.6e-05
1375 -4.64e-05
1380 -3.38e-05
1385 -2.62e-05
1390 -4.8e-06
1395 1.18e-05
1400 -4.2e-06
1405 -2.3e-05
1410 -3.12e-05
1415 -2.42e-05
1420 -2.44e-05
1425 -1.54e-05
1430 -1.54e-05
1435 -2.06e-05
1440 -1.12e-05
1445 6.4e-06
1450 1.54e-05
1455 -5.6e-06
1460 -3.7e-05
1465 -4.52e-05
1470 -2.2e-05
1475 6e-07
1480 6.4e-06
1485 2.8e-06
1490 -5.2e-06
1495 -1.88e-05
1500 -3.04e-05
1505 -3.06e-05
1510 -1.48e-05
1515 -1.2e-06
1520 5e-06
1525 -6e-06
1530 -1.62e-05
1535 -1.9e-05
1540 -1.1e-05
1545 -7e-06
1550 -1.46e-05
1555 -2.46e-05
1560 -1.78e-05
1565 -2e-06
1570 5.6e-06
1575 -6e-06
1580 -1.28e-05
1585 -1.58e-05
1590 -1.18e-05
1595 -1.52e-05
1600 -1.38e-05
1605 -6.2e-06
1610 5.4e-06
1615 1.6e-06
1620 -9e-06
1625 -2.02e-05
1630 -1.84e-05
1635 -1.02e-05
1640 -2.2e-06
1645 -4.6e-06
1650 -7e-06
1655 -8.8e-06
1660 -5.6e-06
1665 -4.4e-06
1670 -1.02e-05
1675 -1.3e-05
1680 -1.04e-05
1685 -8.2e-06
1690 -4.4e-06
1695 -3.4e-06
1700 -2e-07
1705 -2.8e-06
1710 -6.2e-06
1715 -1.04e-05
1720 -1.2e-05
1725 -5.6e-06
1730 -8e-07
1735 1.4e-06
1740 -1e-06
1745 -7.4e-06
1750 -9.2e-06
1755 -6.8e-06
1760 -5e-06
1765 -5.8e-06
1770 -6.2e-06
1775 -3.2e-06
1780 -6e-07
1785 -6e-07
1790 -5e-06
1795 -7.4e-06
1800 -5.8e-06
1805 -4.6e-06
1810 -4.2e-06
1815 -2.4e-06
1820 -1e-06
1825 -1e-06
1830 -3.4e-06
1835 -4e-06
1840 -7.2e-06
1845 -6e-06
1850 -3.6e-06
1855 -4e-07
1860 -1e-06
1865 -2.4e-06
1870 -2.4e-06
1875 -1.4e-06
1880 -3e-06
1885 -5.6e-06
1890 -5e-06
1895 -2e-06
1900 4e-07
1905 -2e-07
1910 -2e-06
1915 -3e-06
1920 -3e-06
1925 -3e-06
1930 -3.2e-06
1935 -3e-06
1940 -2.4e-06
1945 -2e-07
1950 4e-07
1955 -2e-07
1960 -2.8e-06
1965 -4.4e-06
1970 -3e-06
1975 -1.6e-06
1980 -1.6e-06
1985 -1.2e-06
1990 -4e-07
1995 2e-07
2000 -1.6e-06
2005 -2.8e-06
2010 -3e-06
2015 -1.8e-06
2020 -1e-06
2025 -6e-07
2030 -4e-07
2035 -6e-07
2040 -4e-07
2045 -1.2e-06
2050 -2e-06
2055 -2.4e-06
2060 -2e-06
2065 -6e-07
2070 0
2075 4e-07
2080 -4e-07
2085 -1e-06
2090 -1.4e-06
2095 -1.6e-06
2100 -1.6e-06
2105 -8e-07
2110 2e-07
2115 2e-07
2120 -6e-07
2125 -1.2e-06
2130 -1.4e-06
2135 -1e-06
2140 -1.2e-06
2145 -1e-06
2150 -1e-06
2155 -6e-07
2160 0
2165 0
2170 -8e-07
2175 -1.2e-06
2180 -1.4e-06
2185 -1e-06
2190 -4e-07
2195 -4e-07
2200 -2e-07
2205 -2e-07
2210 -4e-07
2215 -1e-06
2220 -1.2e-06
2225 -1e-06
2230 -4e-07
2235 0
2240 0
2245 -6e-07
2250 -8e-07
2255 -2e-07
2260 -4e-07
2265 -4e-07
2270 -8e-07
2275 -8e-07
2280 0
2285 0
2290 -2e-07
2295 -2e-07
2300 -4e-07
2305 -4e-07
2310 -4e-07
2315 0
2320 0
2325 0
2330 0
2335 0
2340 0
2345 -4e-07
2350 -4e-07
2355 -2e-07
2360 0
2365 0
2370 0
2375 0
2380 0
2385 0
2390 -2e-07
2395 -2e-07
2400 0
2405 0
2410 0
2415 0
2420 0
2425 0
2430 0
2435 0
2440 0
2445 0
2450 0
2455 0
2460 0
2465 0
2470 0
2475 0
2480 0
2485 0
2490 0
2495 0
2500 0
2505 0
2510 0
2515 0
2520 0
2525 0
2530 0
2535 0
2540 0
2545 0
2550 0
2555 0
2560 0
2565 0
2570 0
2575 0
2580 0
2585 0
2590 0
2595 0
2600 0
2605 0
2610 0
2615 0
2620 0
2625 0
2630 0
2635 0
2640 0
2645 0
2650 0
2655 0
2660 0
2665 0
2670 0
2675 0
2680 0
2685 0
2690 0
2695 0
2700 0
2705 0
2710 0
2715 0
2720 0
2725 0
2730 0
2735 0
2740 0
2745 0
2750 0
2755 0
2760 0
2765 0
2770 0
2775 0
2780 0
2785 0
2790 0
2795 0
2800 0
2805 0
2810 0
2815 0
2820 0
2825 0
2830 0
2835 0
2840 0
2845 0
2850 0
2855 0
2860 0
2865 0
2870 0
2875 0
2880 0
2885 0
2890 0
2895 0
2900 0
2905 0
2910 0
2915 0
2920 0
2925 0
2930 0
2935 0
2940 0
2945 0
2950 0
2955 0
2960 0
2965 0
2970 0
2975 0
2980 0
2985 0
2990 0
2995 0
3000 0
3005 0
3010 0
3015 0
3020 0
3025 0
3030 0
3035 0
3040 0
3045 0
3050 0
3055 0
3060 0
3065 0
3070 0
3075 0
3080 0
3085 0
3090 0
3095 0
3100 0
3105 0
3110 0
3115 0
3120 0
3125 0
3130 0
3135 0
3140 0
3145 0
3150 0
3155 0
3160 0
3165 0
3170 0
3175 0
3180 0
3185 0
3190 0
3195 0
3200 0
3205 0
3210 0
3215 0
3220 0
3225 0
3230 0
3235 0
3240 0
3245 0
3250 0
3255 0
3260 0
3265 0
3270 0
3275 0
3280 0
3285 0
3290 0
3295 0
3300 0
3305 0
3310 0
3315 0
3320 0
3325 0
3330 0
3335 0
3340 0
3345 0
3350 0
3355 0
3360 0
3365 0
3370 0
3375 0
3380 0
3385 0
3390 0
3395 0
3400 0
3405 0
3410 0
3415 0
3420 0
3425 0
3430 0
3435 0
3440 0
3445 0
3450 0
3455 0
3460 0
3465 0
3470 0
3475 0
3480 0
3485 0
3490 0
3495 0
3500 0
3505 0
3510 0
3515 0
3520 0
3525 0
3530 0
3535 0
3540 0
3545 0
3550 0
3555 0
3560 0
3565 0
3570 0
3575 0
3580 0
3585 0
3590 0
3595 0
3600 0
3605 0
3610 0
3615 0
3620 0
3625 0
3630 0
3635 0
3640 0
3645 0
3650 0
3655 0
3660 0
3665 0
3670 0
3675 0
3680 0
3685 0
3690 0
3695 0
3700 0
3705 0
3710 0
3715 0
3720 0
3725 0
3730 0
3735 0
3740 0
3745 0
3750 0
3755 0
3760 0
3765 0
3770 0
3775 0
3780 0
3785 0
3790 0
3795 0
3800 0
3805 0
3810 0
3815 0
3820 0
3825 0
3830 0
3835 0
3840 0
3845 0
3850 0
3855 0
3860 0
3865 0
3870 0
3875 0
3880 0
3885 0
3890 0
3895 0
3900 0
3905 0
3910 0
3915 0
3920 0
3925 0
3930 0
3935 0
3940 0
3945 0
3950 0
3955 0
3960 0
3965 0
3970 0
3975 0
3980 0
3985 0
3990 0
3995 0
