0 0.022359
5 0.0060272
10 -0.0099146
15 -0.0043874
20 0.0061086
25 0.0008938
30 -0.0064168
35 -0.0010426
40 0.0056752
45 0.0013002
50 -0.0033116
55 0.0009806
60 0.0041358
65 -0.0011992
70 -0.0042982
75 0.000474
80 0.0036312
85 -0.000141
90 -0.0022266
95 0.0011642
100 0.002064
105 -0.002121
110 -0.0030372
115 0.0014068
120 0.0028902
125 -0.0007478
130 -0.0018098
135 0.0015568
140 0.0022794
145 -0.0011642
150 -0.0024014
155 0.0001192
160 0.0010488
165 -0.0004378
170 -0.0003866
175 0.0012856
180 0.000918
185 -0.0010168
190 -0.000724
195 0.0010052
200 0.00051
205 -0.0012676
210 -0.0006998
215 0.0011304
220 0.0008208
225 -0.0008804
230 -0.0006404
235 0.0009152
240 0.0007052
245 -0.00091
250 -0.0008762
255 0.000608
260 0.000767
265 -0.0003446
270 -0.0006656
275 6e-05
280 0.0001406
285 -0.0003242
290 -0.000245
295 0.0004216
300 0.000294
305 -0.0002654
310 -0.0001044
315 0.0003094
320 -0.0001336
325 -0.0006838
330 -0.0002778
335 0.0003978
340 0.0001966
345 -0.0001956
350 6.52e-05
355 0.000372
360 -0.0001192
365 -0.0004618
370 -3.24e-05
375 0.0004146
380 1.5e-05
385 -0.0003128
390 3.92e-05
395 0.0003916
400 3.18e-05
405 -0.0002936
410 5.24e-05
415 0.0002338
420 -6.2e-05
425 -0.000286
430 0.0001082
435 0.0002314
440 -6.28e-05
445 -0.0002444
450 -3.58e-05
455 0.0001676
460 -6.06e-05
465 -0.0003064
470 -0.0001564
475 1.62e-05
480 0.0001208
485 0.00011
490 8.02e-05
495 -0.0001652
500 -0.0002672
505 5.34e-05
510 0.0003594
515 7.2e-06
520 -0.000285
525 2.24e-05
530 0.0003684
535 0.0002222
540 -0.0001156
545 -0.0001728
550 -0.0001598
555 -0.0002026
560 8.8e-06
565 0.0003296
570 0.0002254
575 -0.0002662
580 -0.0002924
585 0.000147
590 0.0003216
595 -3.72e-05
600 -0.0002172
605 0.0001778
610 0.000287
615 -0.0001822
620 -0.0003636
625 0.0001676
630 0.0003456
635 -0.0002168
640 -0.0005158
645 -1.1e-05
650 0.000385
655 6.98e-05
660 -0.0001726
665 2.88e-05
670 0.00013
675 -0.00025
680 -0.000242
685 0.000195
690 0.0002186
695 -0.0002112
700 -0.000199
705 0.0002198
710 0.0001782
715 -0.0002344
720 -0.000293
725 2.58e-05
730 7.46e-05
735 -0.0001582
740 -2e-06
745 0.0002708
750 6.5e-05
755 -0.0002748
760 -0.0001724
765 0.0001472
770 0.0001518
775 -8.9e-05
780 -0.0001216
785 6.56e-05
790 0.00017
795 2.4e-05
800 -0.000106
805 -0.0001364
810 -0.0001432
815 -7.56e-05
820 5.88e-05
825 7.62e-05
830 3.72e-05
835 5.34e-05
840 7.78e-05
845 -8.2e-06
850 -0.0001358
855 -0.0001288
860 -2e-05
865 1.7e-05
870 -3.2e-06
875 8.96e-05
880 0.000137
885 -7.6e-05
890 -0.0002216
895 -0.0001286
900 2.4e-06
905 1.74e-05
910 3.62e-05
915 7.1e-05
920 5.42e-05
925 -5.96e-05
930 -0.0001016
935 2.62e-05
940 7.7e-05
945 -5.06e-05
950 -9.46e-05
955 5.16e-05
960 9.44e-05
965 1.48e-05
970 -2.88e-05
975 2.28e-05
980 -4.22e-05
985 -0.000149
990 -5.42e-05
995 0.00014
1000 0.0001008
1005 -0.0001116
1010 -6.64e-05
1015 0.0001208
1020 7.08e-05
1025 -0.0001754
1030 -0.0001198
1035 0.0001394
1040 0.0001512
1045 -6.66e-05
1050 -9.92e-05
1055 7.9e-05
1060 7.36e-05
1065 -9.9e-05
1070 -0.0001164
1075 1.74e-05
1080 6.12e-05
1085 -8.8e-06
1090 -6.8e-06
1095 4.56e-05
1100 3.74e-05
1105 -6.32e-05
1110 -8.3e-05
1115 1.42e-05
1120 5.98e-05
1125 -1.82e-05
1130 -5.62e-05
1135 1.6e-05
1140 7.06e-05
1145 2.8e-06
1150 -5.3e-05
1155 -3.16e-05
1160 -2.28e-05
1165 -4.68e-05
1170 -1.76e-05
1175 2.04e-05
1180 1.62e-05
1185 -2.54e-05
1190 -2.6e-05
1195 7.4e-06
1200 1.24e-05
1205 -2.8e-06
1210 8.4e-06
1215 1.22e-05
1220 -4e-07
1225 -8e-06
1230 5e-06
1235 -2e-07
1240 -3.36e-05
1245 -3.78e-05
1250 5e-06
1255 4.88e-05
1260 3.5e-05
1265 -1.22e-05
1270 -3.18e-05
1275 -7.8e-06
1280 -8.2e-06
1285 -1.48e-05
1290 -1.28e-05
1295 1.52e-05
1300 1.62e-05
1305 -2.1e-05
1310 -4.02e-05
1315 -2.02e-05
1320 1.4e-06
1325 -7e-06
1330 -1.68e-05
1335 3.4e-06
1340 2.16e-05
1345 1.4e-05
1350 -1.72e-05
1355 -5.2e-06
1360 1.92e-05
1365 5e-06
1370 -2.34e-05
1375 -1.18e-05
1380 2.14e-05
1385 3e-06
1390 -2.04e-05
1395 -3e-06
1400 2.46e-05
1405 1.42e-05
1410 -2.32e-05
1415 -2.16e-05
1420 6.4e-06
1425 1.2e-05
1430 -1.36e-05
1435 -2.14e-05
1440 1.14e-05
1445 2.52e-05
1450 0
1455 -1.84e-05
1460 -4.4e-06
1465 5.4e-06
1470 -1.64e-05
1475 -1.38e-05
1480 6.4e-06
1485 8.6e-06
1490 -1.24e-05
1495 -1.26e-05
1500 9e-06
1505 1.16e-05
1510 -1.48e-05
1515 -1.52e-05
1520 9.4e-06
1525 1.52e-05
1530 -1.8e-06
1535 -5.4e-06
1540 5.4e-06
1545 2.8e-06
1550 -1.12e-05
1555 -9.8e-06
1560 7e-06
1565 1e-05
1570 8e-07
1575 -1.2e-06
1580 1.2e-06
1585 -6e-06
1590 -6.6e-06
1595 2.6e-06
1600 5.2e-06
1605 -2.4e-06
1610 -2.8e-06
1615 5.4e-06
1620 3.8e-06
1625 -8e-07
1630 -3.6e-06
1635 -6e-06
1640 -7.8e-06
1645 -5.4e-06
1650 6.4e-06
1655 9.4e-06
1660 8e-07
1665 -1.8e-06
1670 1.6e-06
1675 2e-07
1680 -7.4e-06
1685 -7.6e-06
1690 -2.2e-06
1695 1.8e-06
1700 -3.38813e-22
1705 0
1710 2.4e-06
1715 2.4e-06
1720 -1.6e-06
1725 -4.6e-06
1730 -2.8e-06
1735 6e-07
1740 2.6e-06
1745 3e-06
1750 6e-07
1755 -3.4e-06
1760 -3.2e-06
1765 -2.2e-06
1770 -2e-07
1775 -2e-07
1780 4e-07
1785 2.2e-06
1790 3e-06
1795 1.8e-06
1800 -6e-07
1805 -3e-06
1810 -3.8e-06
1815 -3.6e-06
1820 -1.8e-06
1825 4e-07
1830 2e-06
1835 1.8e-06
1840 -2e-07
1845 -1e-06
1850 1.8e-06
1855 1.2e-06
1860 -2.2e-06
1865 -3.2e-06
1870 8e-07
1875 1.6e-06
1880 -8e-07
1885 -1.4e-06
1890 1.8e-06
1895 2e-06
1900 -2.2e-06
1905 -1.8e-06
1910 1.2e-06
1915 -2e-07
1920 -2.6e-06
1925 -6e-07
1930 3.6e-06
1935 2.4e-06
1940 -2.8e-06
1945 -3.4e-06
1950 0
1955 2e-07
1960 -1.2e-06
1965 2e-07
1970 2.4e-06
1975 1.6e-06
1980 -1.6e-06
1985 -1.2e-06
1990 1e-06
1995 6e-07
2000 -1.8e-06
2005 -8e-07
2010 2.2e-06
2015 1.2e-06
2020 -2.4e-06
2025 -1.8e-06
2030 1.2e-06
2035 6e-07
2040 -1.8e-06
2045 -4e-07
2050 1.6e-06
2055 2e-07
2060 -1.6e-06
2065 1.69407e-22
2070 1.4e-06
2075 4e-07
2080 -1.4e-06
2085 4.23516e-23
2090 1.2e-06
2095 4e-07
2100 -6e-07
2105 -2e-07
2110 6e-07
2115 -4e-07
2120 -1.2e-06
2125 -8e-07
2130 1e-06
2135 8e-07
2140 -8e-07
2145 -1e-06
2150 2e-07
2155 6e-07
2160 -2e-07
2165 -6e-07
2170 -2e-07
2175 0
2180 0
2185 -2e-07
2190 4e-07
2195 0
2200 -4e-07
2205 -2e-07
2210 0
2215 2e-07
2220 0
2225 0
2230 0
2235 -2e-07
2240 2e-07
2245 0
2250 -4e-07
2255 -6e-07
2260 -2e-07
2265 4e-07
2270 0
2275 -2e-07
2280 0
2285 2e-07
2290 0
2295 -2e-07
2300 -2e-07
2305 0
2310 -2e-07
2315 0
2320 2e-07
2325 0
2330 -2e-07
2335 0
2340 2e-07
2345 2e-07
2350 -2e-07
2355 -2e-07
2360 2e-07
2365 0
2370 0
2375 -4e-07
2380 2e-07
2385 0
2390 0
2395 0
2400 0
2405 0
2410 0
2415 0
2420 0
2425 0
2430 0
2435 0
2440 0
2445 0
2450 0
2455 0
2460 0
2465 0
2470 0
2475 0
2480 0
2485 0
2490 0
2495 0
2500 0
2505 0
2510 0
2515 0
2520 0
2525 0
2530 0
2535 0
2540 0
2545 0
2550 0
2555 0
2560 0
2565 0
2570 0
2575 0
2580 0
2585 0
2590 0
2595 0
2600 0
2605 0
2610 0
2615 0
2620 0
2625 0
2630 0
2635 0
2640 0
2645 0
2650 0
2655 0
2660 0
2665 0
2670 0
2675 0
2680 0
2685 0
2690 0
2695 0
2700 0
2705 0
2710 0
2715 0
2720 0
2725 0
2730 0
2735 0
2740 0
2745 0
2750 0
2755 0
2760 0
2765 0
2770 0
2775 0
2780 0
2785 0
2790 0
2795 0
2800 0
2805 0
2810 0
2815 0
2820 0
2825 0
2830 0
2835 0
2840 0
2845 0
2850 0
2855 0
2860 0
2865 0
2870 0
2875 0
2880 0
2885 0
2890 0
2895 0
2900 0
2905 0
2910 0
2915 0
2920 0
2925 0
2930 0
2935 0
2940 0
2945 0
2950 0
2955 0
2960 0
2965 0
2970 0
2975 0
2980 0
2985 0
2990 0
2995 0
3000 0
3005 0
3010 0
3015 0
3020 0
3025 0
3030 0
3035 0
3040 0
3045 0
3050 0
3055 0
3060 0
3065 0
3070 0
3075 0
3080 0
3085 0
3090 0
3095 0
3100 0
3105 0
3110 0
3115 0
3120 0
3125 0
3130 0
3135 0
3140 0
3145 0
3150 0
3155 0
3160 0
3165 0
3170 0
3175 0
3180 0
3185 0
3190 0
3195 0
3200 0
3205 0
3210 0
3215 0
3220 0
3225 0
3230 0
3235 0
3240 0
3245 0
3250 0
3255 0
3260 0
3265 0
3270 0
3275 0
3280 0
3285 0
3290 0
3295 0
3300 0
3305 0
3310 0
3315 0
3320 0
3325 0
3330 0
3335 0
3340 0
3345 0
3350 0
3355 0
3360 0
3365 0
3370 0
3375 0
3380 0
3385 0
3390 0
3395 0
3400 0
3405 0
3410 0
3415 0
3420 0
3425 0
3430 0
3435 0
3440 0
3445 0
3450 0
3455 0
3460 0
3465 0
3470 0
3475 0
3480 0
3485 0
3490 0
3495 0
3500 0
3505 0
3510 0
3515 0
3520 0
3525 0
3530 0
3535 0
3540 0
3545 0
3550 0
3555 0
3560 0
3565 0
3570 0
3575 0
3580 0
3585 0
3590 0
3595 0
3600 0
3605 0
3610 0
3615 0
3620 0
3625 0
3630 0
3635 0
3640 0
3645 0
3650 0
3655 0
3660 0
3665 0
3670 0
3675 0
3680 0
3685 0
3690 0
3695 0
3700 0
3705 0
3710 0
3715 0
3720 0
3725 0
3730 0
3735 0
3740 0
3745 0
3750 0
3755 0
3760 0
3765 0
3770 0
3775 0
3780 0
3785 0
3790 0
3795 0
3800 0
3805 0
3810 0
3815 0
3820 0
3825 0
3830 0
3835 0
3840 0
3845 0
3850 0
3855 0
3860 0
3865 0
3870 0
3875 0
3880 0
3885 0
3890 0
3895 0
3900 0
3905 0
3910 0
3915 0
3920 0
3925 0
3930 0
3935 0
3940 0
3945 0
3950 0
3955 0
3960 0
3965 0
3970 0
3975 0
3980 0
3985 0
3990 0
3995 0
