0 0.0346836
5 0.0178724
10 0.0024486
15 0.0061414
20 0.0157716
25 0.010391
30 0.0022948
35 0.0077432
40 0.0162096
45 0.012189
50 0.0048128
55 0.008282
60 0.013014
65 0.0069228
70 0.0013526
75 0.007314
80 0.0141826
85 0.0095458
90 0.004034
95 0.0071356
100 0.0103204
105 0.0047076
110 0.001152
115 0.0077186
120 0.0129222
125 0.0072636
130 0.0026502
135 0.0074396
140 0.0105542
145 0.0039096
150 -0.0012372
155 0.0037826
160 0.0096064
165 0.0076054
170 0.0048958
175 0.007793
180 0.0086158
185 0.0031636
190 0.0009066
195 0.005751
200 0.0078892
205 0.0031434
210 0.0017856
215 0.0074984
220 0.0093102
225 0.0031264
230 0.0001124
235 0.0052264
240 0.0075224
245 0.0022536
250 0.0005596
255 0.0068602
260 0.0093576
265 0.0025742
270 -0.0019718
275 0.002715
280 0.0072196
285 0.0041928
290 0.0014562
295 0.0045712
300 0.0068644
305 0.0032702
310 0.0006386
315 0.0030144
320 0.0040806
325 0.0007684
330 0.0005864
335 0.0056106
340 0.0074414
345 0.0025032
350 -0.000525
355 0.002679
360 0.0049688
365 0.0017176
370 -0.0004328
375 0.002661
380 0.0050972
385 0.0025376
390 0.0004946
395 0.0024516
400 0.0038048
405 0.0013188
410 -0.000158
415 0.0026714
420 0.0045996
425 0.0025028
430 0.0006368
435 0.001452
440 0.0017094
445 1.06e-05
450 0.0004008
455 0.0029904
460 0.0034562
465 0.0009374
470 0.000742
475 0.0031162
480 0.002773
485 -0.0006176
490 -0.0012978
495 0.0017258
500 0.0032408
505 0.001319
510 0.0007412
515 0.0023792
520 0.0024802
525 -7.28e-05
530 -0.0009166
535 0.0010388
540 0.0019698
545 0.0007492
550 0.000664
555 0.0020618
560 0.0017536
565 -0.0001716
570 -0.0001838
575 0.0013082
580 0.0010678
585 -0.0004374
590 0.0005432
595 0.002709
600 0.0019648
605 -0.0009644
610 -0.001323
615 0.0009942
620 0.001663
625 0.0001088
630 -8.88e-05
635 0.001651
640 0.0020146
645 0.000238
650 -0.000643
655 0.000228
660 0.0004258
665 -0.0005506
670 -0.0002552
675 0.0013176
680 0.0016186
685 0.0004174
690 -0.0001624
695 0.0004058
700 0.0002044
705 -0.0006822
710 -0.0003852
715 0.00081
720 0.0008122
725 -0.0001116
730 -0.0001134
735 0.0006472
740 0.0003354
745 -0.0007136
750 -0.0004896
755 0.0007276
760 0.0010066
765 0.0001742
770 -0.00022
775 0.0001102
780 1.72e-05
785 -0.000498
790 -0.0003984
795 0.0001952
800 0.0003576
805 0.0002412
810 0.000375
815 0.0004048
820 -0.00017
825 -0.0005902
830 -0.0003266
835 8.82e-05
840 -4.68e-05
845 -0.000189
850 0.000341
855 0.0006844
860 3.24e-05
865 -0.0006164
870 -0.0003768
875 0.0001264
880 4.08e-05
885 -0.00027
890 3.32e-05
895 0.000345
900 9.82e-05
905 -0.0003088
910 -0.0001792
915 7.14e-05
920 -7.2e-05
925 -0.0002084
930 0.0001476
935 0.000428
940 7.62e-05
945 -0.0004212
950 -0.0003414
955 4.02e-05
960 -1.44e-05
965 -0.0002202
970 -2.38e-05
975 0.000339
980 0.0001946
985 -0.000192
990 -0.0003046
995 -0.0001366
1000 -9.8e-05
1005 -0.0002856
1010 -0.0002374
1015 2.76e-05
1020 0.0001706
1025 2.2e-06
1030 -0.000206
1035 -0.0002364
1040 -0.0001784
1045 -0.0001014
1050 -9.06e-05
1055 -0.0001508
1060 -0.0001702
1065 -8.72e-05
1070 -6.04e-05
1075 -0.0001724
1080 -0.0003104
1085 -0.0002616
1090 -4.2e-05
1095 1.64e-05
1100 -7.62e-05
1105 -0.0001108
1110 -2.16e-05
1115 -3.72e-05
1120 -0.0002304
1125 -0.000309
1130 -0.000175
1135 -2.98e-05
1140 -4.82e-05
1145 -6.5e-05
1150 -6.6e-05
1155 -9.9e-05
1160 -0.0001924
1165 -0.0002106
1170 -0.0001504
1175 -0.0001404
1180 -0.0001926
1185 -0.0001186
1190 -2.42e-05
1195 -5.6e-05
1200 -0.000226
1205 -0.0002692
1210 -0.0001482
1215 -9.62e-05
1220 -0.0001652
1225 -0.0001858
1230 -9.2e-05
1235 -5.24e-05
1240 -0.0001396
1245 -0.0002304
1250 -0.0002088
1255 -0.0001248
1260 -9.28e-05
1265 -8.72e-05
1270 -8.16e-05
1275 -6.26e-05
1280 -8.74e-05
1285 -0.0001366
1290 -0.0001814
1295 -0.0001966
1300 -0.000167
1305 -8.9e-05
1310 -4.06e-05
1315 -6.54e-05
1320 -9.42e-05
1325 -8.52e-05
1330 -8.92e-05
1335 -0.000158
1340 -0.0001908
1345 -0.0001424
1350 -6.6e-05
1355 -8.08e-05
1360 -0.0001124
1365 -0.000108
1370 -8.28e-05
1375 -0.000105
1380 -0.0001326
1385 -0.0001244
1390 -9.12e-05
1395 -7.32e-05
1400 -7.62e-05
1405 -7.92e-05
1410 -0.0001044
1415 -0.0001446
1420 -0.0001592
1425 -0.0001208
1430 -8.62e-05
1435 -8.7e-05
1440 -9.12e-05
1445 -6.58e-05
1450 -5.52e-05
1455 -9.74e-05
1460 -0.0001474
1465 -0.0001418
1470 -0.0001084
1475 -9.34e-05
1480 -9.8e-05
1485 -7.7e-05
1490 -6.82e-05
1495 -8.48e-05
1500 -0.0001136
1505 -0.0001178
1510 -0.0001058
1515 -9.76e-05
1520 -8.9e-05
1525 -7.48e-05
1530 -6.76e-05
1535 -8.8e-05
1540 -0.0001048
1545 -9.68e-05
1550 -8.92e-05
1555 -9.68e-05
1560 -9.62e-05
1565 -6.86e-05
1570 -5.62e-05
1575 -7.68e-05
1580 -0.0001012
1585 -0.0001004
1590 -8.4e-05
1595 -8.72e-05
1600 -8.88e-05
1605 -7.58e-05
1610 -6.26e-05
1615 -6.48e-05
1620 -6.76e-05
1625 -6.68e-05
1630 -7.48e-05
1635 -8.04e-05
1640 -7.32e-05
1645 -5.34e-05
1650 -4.88e-05
1655 -5.78e-05
1660 -6.02e-05
1665 -5.1e-05
1670 -5.66e-05
1675 -6.66e-05
1680 -6.12e-05
1685 -4.36e-05
1690 -3.76e-05
1695 -4.96e-05
1700 -5.38e-05
1705 -4.38e-05
1710 -3.64e-05
1715 -4.7e-05
1720 -5.24e-05
1725 -3.82e-05
1730 -2.72e-05
1735 -2.96e-05
1740 -3.44e-05
1745 -3.22e-05
1750 -3.34e-05
1755 -3.82e-05
1760 -4.04e-05
1765 -3.3e-05
1770 -2.86e-05
1775 -2.86e-05
1780 -2.76e-05
1785 -2.14e-05
1790 -2.36e-05
1795 -3.3e-05
1800 -3.44e-05
1805 -2.54e-05
1810 -1.84e-05
1815 -2.12e-05
1820 -2.38e-05
1825 -1.98e-05
1830 -1.84e-05
1835 -2.32e-05
1840 -2.84e-05
1845 -2.3e-05
1850 -1.52e-05
1855 -1.4e-05
1860 -1.76e-05
1865 -1.7e-05
1870 -1.52e-05
1875 -1.76e-05
1880 -2.2e-05
1885 -2.22e-05
1890 -1.8e-05
1895 -1.48e-05
1900 -1.28e-05
1905 -1.14e-05
1910 -1.16e-05
1915 -1.52e-05
1920 -1.7e-05
1925 -1.68e-05
1930 -1.54e-05
1935 -1.64e-05
1940 -1.52e-05
1945 -1.08e-05
1950 -9.8e-06
1955 -1.28e-05
1960 -1.54e-05
1965 -1.4e-05
1970 -1.18e-05
1975 -1.28e-05
1980 -1.3e-05
1985 -9.4e-06
1990 -8e-06
1995 -9.4e-06
2000 -1.18e-05
2005 -1.14e-05
2010 -1.04e-05
2015 -1.16e-05
2020 -1.1e-05
2025 -8.4e-06
2030 -6.4e-06
2035 -8.2e-06
2040 -9.6e-06
2045 -8.4e-06
2050 -7.6e-06
2055 -1.02e-05
2060 -1.1e-05
2065 -7.2e-06
2070 -4.8e-06
2075 -6.4e-06
2080 -8.6e-06
2085 -7.8e-06
2090 -6.4e-06
2095 -7.6e-06
2100 -8.2e-06
2105 -6e-06
2110 -4e-06
2115 -5.4e-06
2120 -6e-06
2125 -5e-06
2130 -4.8e-06
2135 -6.6e-06
2140 -6.8e-06
2145 -4.6e-06
2150 -4e-06
2155 -5e-06
2160 -4.8e-06
2165 -3.4e-06
2170 -3.4e-06
2175 -5e-06
2180 -5.4e-06
2185 -3.4e-06
2190 -2.8e-06
2195 -3.2e-06
2200 -3.4e-06
2205 -2.6e-06
2210 -2.4e-06
2215 -3.4e-06
2220 -4e-06
2225 -2.8e-06
2230 -2.4e-06
2235 -2.6e-06
2240 -3e-06
2245 -2e-06
2250 -2.4e-06
2255 -2.8e-06
2260 -3.2e-06
2265 -2.4e-06
2270 -2.2e-06
2275 -2.4e-06
2280 -2.4e-06
2285 -1.6e-06
2290 -1.4e-06
2295 -2.2e-06
2300 -2.6e-06
2305 -2e-06
2310 -1.8e-06
2315 -2e-06
2320 -1.6e-06
2325 -1.4e-06
2330 -1.2e-06
2335 -1.8e-06
2340 -1.8e-06
2345 -1.4e-06
2350 -1.6e-06
2355 -1.6e-06
2360 -1.4e-06
2365 -1.2e-06
2370 -1.2e-06
2375 -1.2e-06
2380 -1.4e-06
2385 -1.4e-06
2390 -1.6e-06
2395 -1.4e-06
2400 -1.2e-06
2405 -6e-07
2410 -8e-07
2415 -1e-06
2420 -1e-06
2425 -8e-07
2430 -8e-07
2435 -1e-06
2440 -1.2e-06
2445 -6e-07
2450 -6e-07
2455 -8e-07
2460 -1e-06
2465 -6e-07
2470 -8e-07
2475 -1e-06
2480 -1e-06
2485 -6e-07
2490 -6e-07
2495 -6e-07
2500 -6e-07
2505 -4e-07
2510 -6e-07
2515 -6e-07
2520 -8e-07
2525 -6e-07
2530 -6e-07
2535 -6e-07
2540 -4e-07
2545 0
2550 -4e-07
2555 -6e-07
2560 -4e-07
2565 -2e-07
2570 -2e-07
2575 -4e-07
2580 -2e-07
2585 0
2590 0
2595 -4e-07
2600 -4e-07
2605 0
2610 -2e-07
2615 -2e-07
2620 0
2625 0
2630 0
2635 0
2640 0
2645 0
2650 0
2655 0
2660 0
2665 0
2670 0
2675 0
2680 0
2685 0
2690 0
2695 0
2700 0
2705 0
2710 0
2715 0
2720 0
2725 0
2730 0
2735 0
2740 0
2745 0
2750 0
2755 0
2760 0
2765 0
2770 0
2775 0
2780 0
2785 0
2790 0
2795 0
2800 0
2805 0
2810 0
2815 0
2820 0
2825 0
2830 0
2835 0
2840 0
2845 0
2850 0
2855 0
2860 0
2865 0
2870 0
2875 0
2880 0
2885 0
2890 0
2895 0
2900 0
2905 0
2910 0
2915 0
2920 0
2925 0
2930 0
2935 0
2940 0
2945 0
2950 0
2955 0
2960 0
2965 0
2970 0
2975 0
2980 0
2985 0
2990 0
2995 0
3000 0
3005 0
3010 0
3015 0
3020 0
3025 0
3030 0
3035 0
3040 0
3045 0
3050 0
3055 0
3060 0
3065 0
3070 0
3075 0
3080 0
3085 0
3090 0
3095 0
3100 0
3105 0
3110 0
3115 0
3120 0
3125 0
3130 0
3135 0
3140 0
3145 0
3150 0
3155 0
3160 0
3165 0
3170 0
3175 0
3180 0
3185 0
3190 0
3195 0
3200 0
3205 0
3210 0
3215 0
3220 0
3225 0
3230 0
3235 0
3240 0
3245 0
3250 0
3255 0
3260 0
3265 0
3270 0
3275 0
3280 0
3285 0
3290 0
3295 0
3300 0
3305 0
3310 0
3315 0
3320 0
3325 0
3330 0
3335 0
3340 0
3345 0
3350 0
3355 0
3360 0
3365 0
3370 0
3375 0
3380 0
3385 0
3390 0
3395 0
3400 0
3405 0
3410 0
3415 0
3420 0
3425 0
3430 0
3435 0
3440 0
3445 0
3450 0
3455 0
3460 0
3465 0
3470 0
3475 0
3480 0
3485 0
3490 0
3495 0
3500 0
3505 0
3510 0
3515 0
3520 0
3525 0
3530 0
3535 0
3540 0
3545 0
3550 0
3555 0
3560 0
3565 0
3570 0
3575 0
3580 0
3585 0
3590 0
3595 0
3600 0
3605 0
3610 0
3615 0
3620 0
3625 0
3630 0
3635 0
3640 0
3645 0
3650 0
3655 0
3660 0
3665 0
3670 0
3675 0
3680 0
3685 0
3690 0
3695 0
3700 0
3705 0
3710 0
3715 0
3720 0
3725 0
3730 0
3735 0
3740 0
3745 0
3750 0
3755 0
3760 0
3765 0
3770 0
3775 0
3780 0
3785 0
3790 0
3795 0
3800 0
3805 0
3810 0
3815 0
3820 0
3825 0
3830 0
3835 0
3840 0
3845 0
3850 0
3855 0
3860 0
3865 0
3870 0
3875 0
3880 0
3885 0
3890 0
3895 0
3900 0
3905 0
3910 0
3915 0
3920 0
3925 0
3930 0
3935 0
3940 0
3945 0
3950 0
3955 0
3960 0
3965 0
3970 0
3975 0
3980 0
3985 0
3990 0
3995 0
