0 0.0226182
5 0.0069178
10 -0.0089238
15 -0.0049188
20 0.0053606
25 0.0018544
30 -0.0051802
35 -0.0018878
40 0.004443
45 0.0021456
50 -0.001772
55 0.0006724
60 0.00335
65 -0.0002414
70 -0.0031254
75 -0.000126
80 0.0026756
85 0.000286
90 -0.001709
95 0.0001778
100 0.0013104
105 -0.001092
110 -0.002027
115 0.000761
120 0.0022232
125 2.24e-05
130 -0.0012818
135 0.0005992
140 0.001696
145 -0.000145
150 -0.0016118
155 -0.0005858
160 0.0004524
165 4.78e-05
170 -0.000123
175 0.0006906
180 0.0006096
185 -0.0005554
190 -0.000767
195 0.0004034
200 0.0007236
205 -0.0002908
210 -0.0007718
215 -0.0001082
220 0.000363
225 2.9e-05
230 -0.0002584
235 4.68e-05
240 0.0001454
245 -0.0001826
250 -0.0001046
255 0.000378
260 0.000372
265 -0.0002562
270 -0.000537
275 -4.4e-05
280 0.0002374
285 -0.0001474
290 -0.0003064
295 9.48e-05
300 0.0003852
305 -6.48e-05
310 -0.0003464
315 -6.8e-05
320 4.16e-05
325 -0.0002502
330 -0.0001928
335 0.0001248
340 0.0003312
345 0.0001136
350 -0.0002022
355 -0.000221
360 9.7e-05
365 0.0003332
370 2.62e-05
375 -0.0003476
380 -0.0002254
385 8.46e-05
390 -1.5e-05
395 -0.00019
400 -0.00016
405 4.22e-05
410 6e-06
415 -8.8e-05
420 -6.5e-05
425 6.42e-05
430 0.000132
435 -0.0001222
440 -0.0003314
445 -0.0003028
450 3e-06
455 0.0001912
460 -3.28e-05
465 -0.0002604
470 -0.0002572
475 -1.48e-05
480 0.0001122
485 0.0001078
490 4.74e-05
495 -0.0001288
500 -0.0001904
505 4.6e-05
510 0.0002324
515 -8.88e-05
520 -0.0004794
525 -0.0001224
530 0.0003696
535 0.0001586
540 -0.0002758
545 -0.0001598
550 0.0002844
555 0.0001982
560 -0.000276
565 -0.0002868
570 0.0002278
575 0.0002944
580 -1.38e-05
585 -8.84e-05
590 0.0001284
595 3.16e-05
600 -0.0001508
605 3.56e-05
610 0.000249
615 2.62e-05
620 -0.0001408
625 0.0001474
630 0.000373
635 2e-06
640 -0.0002852
645 1.96e-05
650 0.0003394
655 2.84e-05
660 -0.0003212
665 5.3e-05
670 0.0004966
675 0.0002202
680 -0.0003116
685 -0.0002116
690 0.0001702
695 0.000177
700 -3.68e-05
705 -1.06e-05
710 2.94e-05
715 -0.0001254
720 -0.0001528
725 0.0001294
730 0.0002564
735 3.12e-05
740 -0.0001878
745 -9.34e-05
750 0.0001048
755 0.0001374
760 1.52e-05
765 -1.56e-05
770 -1.38e-05
775 -4.24e-05
780 -9.2e-06
785 5.62e-05
790 -1.3e-05
795 -6.7e-05
800 -6.04e-05
805 2.38e-05
810 4.1e-05
815 2.4e-06
820 -4.18e-05
825 -5.84e-05
830 2.64e-05
835 6.62e-05
840 1.14e-05
845 1.5e-05
850 -2.22e-05
855 -0.0001116
860 -0.0001276
865 -2.6e-05
870 0.0001254
875 6.6e-05
880 -8.62e-05
885 -2.62e-05
890 7.14e-05
895 2.72e-05
900 -9.72e-05
905 -6.66e-05
910 -8.6e-06
915 -2.46e-05
920 -3.2e-05
925 4.76e-05
930 7.94e-05
935 -5.86e-05
940 -0.0001646
945 -4.94e-05
950 9.14e-05
955 4.36e-05
960 -8.34e-05
965 3.4e-06
970 0.0001368
975 5.44e-05
980 -7.1e-05
985 2.78e-05
990 5.88e-05
995 -8.28e-05
1000 -0.0002014
1005 -1.68e-05
1010 0.000167
1015 4.38e-05
1020 -0.0001482
1025 -9.06e-05
1030 0.000117
1035 0.000122
1040 -0.000105
1045 -0.0001446
1050 3.02e-05
1055 7.22e-05
1060 -5.74e-05
1065 -7.24e-05
1070 4.4e-05
1075 5.5e-05
1080 -6.46e-05
1085 -0.0001104
1090 -1.52e-05
1095 4.24e-05
1100 1.76e-05
1105 -4.8e-06
1110 2.46e-05
1115 3.58e-05
1120 2.8e-06
1125 -2e-05
1130 -1.66e-05
1135 -2.54e-05
1140 -4.84e-05
1145 -2.74e-05
1150 4.36e-05
1155 6.3e-05
1160 1.42e-05
1165 -3.38e-05
1170 -2.6e-05
1175 -1e-06
1180 1.56e-05
1185 1.72e-05
1190 5.8e-06
1195 -1.82e-05
1200 -3.46e-05
1205 3.8e-06
1210 2.5e-05
1215 -1.88e-05
1220 -6.16e-05
1225 -2.6e-05
1230 2.56e-05
1235 1.82e-05
1240 7.2e-06
1245 9.4e-06
1250 9.8e-06
1255 -1.42e-05
1260 -1.3e-05
1265 3.2e-06
1270 7e-06
1275 -2.6e-05
1280 -3.22e-05
1285 -6.4e-06
1290 2.4e-06
1295 4.2e-06
1300 1.98e-05
1305 2.2e-06
1310 -2.44e-05
1315 -9.2e-06
1320 2.76e-05
1325 2.02e-05
1330 -1.98e-05
1335 -2.96e-05
1340 -4.4e-06
1345 -1.6e-06
1350 -2.26e-05
1355 -1.74e-05
1360 1.48e-05
1365 1.74e-05
1370 -2.04e-05
1375 -2.6e-05
1380 1.56e-05
1385 1.92e-05
1390 -9.2e-06
1395 -1.3e-05
1400 5e-06
1405 6e-06
1410 -2.46e-05
1415 -1.4e-05
1420 1.24e-05
1425 9e-06
1430 -2.12e-05
1435 -9e-06
1440 2.04e-05
1445 1.18e-05
1450 -2.46e-05
1455 -1.9e-05
1460 2.12e-05
1465 1.76e-05
1470 -2.54e-05
1475 -2.92e-05
1480 1.36e-05
1485 1.94e-05
1490 -1.62e-05
1495 -2.2e-05
1500 -4.8e-06
1505 1.8e-06
1510 -3.6e-06
1515 8e-07
1520 2.6e-06
1525 -1.26e-05
1530 -2.18e-05
1535 -9.2e-06
1540 4e-07
1545 -1.04e-05
1550 -1.46e-05
1555 2.8e-06
1560 1.08e-05
1565 -1.8e-06
1570 -1.38e-05
1575 -4.2e-06
1580 5.2e-06
1585 -5.2e-06
1590 -1.42e-05
1595 -2.6e-06
1600 8.4e-06
1605 2.8e-06
1610 -2.4e-06
1615 -6e-07
1620 -3.4e-06
1625 -6e-06
1630 1.6e-06
1635 4e-06
1640 -5.2e-06
1645 -8.4e-06
1650 5.8e-06
1655 9.4e-06
1660 -5.2e-06
1665 -1.48e-05
1670 1.4e-06
1675 9.4e-06
1680 -1.2e-06
1685 -1.02e-05
1690 1e-06
1695 8.2e-06
1700 -1.6e-06
1705 -7e-06
1710 -1.6e-06
1715 2.4e-06
1720 -3.2e-06
1725 -5.2e-06
1730 1.8e-06
1735 2.6e-06
1740 -3.4e-06
1745 -2.4e-06
1750 5.6e-06
1755 4.4e-06
1760 -5e-06
1765 -2.8e-06
1770 5.6e-06
1775 2.6e-06
1780 -6.2e-06
1785 -6e-06
1790 4e-06
1795 2.8e-06
1800 -4.6e-06
1805 -3.4e-06
1810 5.8e-06
1815 4.6e-06
1820 -3.8e-06
1825 -5.6e-06
1830 2e-06
1835 3e-06
1840 -2.8e-06
1845 -3e-06
1850 1.8e-06
1855 2e-06
1860 -2.8e-06
1865 -3.4e-06
1870 2e-07
1875 8e-07
1880 -4e-07
1885 8e-07
1890 2e-06
1895 -2e-07
1900 -2.4e-06
1905 -1.8e-06
1910 -6e-07
1915 -1e-06
1920 -8e-07
1925 2e-07
1930 1e-06
1935 1.2e-06
1940 4e-07
1945 8e-07
1950 -1e-06
1955 -2.8e-06
1960 -1.8e-06
1965 1.2e-06
1970 2.2e-06
1975 -4e-07
1980 -1.4e-06
1985 2e-07
1990 1.2e-06
1995 6e-07
2000 -4e-07
2005 2e-07
2010 6e-07
2015 -2e-07
2020 4e-07
2025 4e-07
2030 -4e-07
2035 -8e-07
2040 -2e-07
2045 6e-07
2050 -2e-07
2055 -2e-07
2060 6e-07
2065 6e-07
2070 -6e-07
2075 -1e-06
2080 0
2085 4e-07
2090 0
2095 -6e-07
2100 0
2105 0
2110 -4e-07
2115 -4e-07
2120 -4e-07
2125 -6e-07
2130 0
2135 6e-07
2140 0
2145 -2e-07
2150 -4e-07
2155 -2e-07
2160 -8e-07
2165 -6e-07
2170 -6e-07
2175 2e-07
2180 0
2185 0
2190 0
2195 -2e-07
2200 -4e-07
2205 -2e-07
2210 2e-07
2215 4e-07
2220 -2e-07
2225 -6e-07
2230 -2e-07
2235 2e-07
2240 -2e-07
2245 -4e-07
2250 -2e-07
2255 0
2260 2e-07
2265 2e-07
2270 0
2275 -2e-07
2280 0
2285 -4e-07
2290 -2e-07
2295 2e-07
2300 0
2305 -2e-07
2310 0
2315 2e-07
2320 0
2325 0
2330 0
2335 0
2340 0
2345 0
2350 0
2355 0
2360 0
2365 0
2370 0
2375 0
2380 0
2385 0
2390 0
2395 0
2400 0
2405 0
2410 0
2415 0
2420 0
2425 0
2430 0
2435 0
2440 0
2445 0
2450 0
2455 0
2460 0
2465 0
2470 0
2475 0
2480 0
2485 0
2490 0
2495 0
2500 0
2505 0
2510 0
2515 0
2520 0
2525 0
2530 0
2535 0
2540 0
2545 0
2550 0
2555 0
2560 0
2565 0
2570 0
2575 0
2580 0
2585 0
2590 0
2595 0
2600 0
2605 0
2610 0
2615 0
2620 0
2625 0
2630 0
2635 0
2640 0
2645 0
2650 0
2655 0
2660 0
2665 0
2670 0
2675 0
2680 0
2685 0
2690 0
2695 0
2700 0
2705 0
2710 0
2715 0
2720 0
2725 0
2730 0
2735 0
2740 0
2745 0
2750 0
2755 0
2760 0
2765 0
2770 0
2775 0
2780 0
2785 0
2790 0
2795 0
2800 0
2805 0
2810 0
2815 0
2820 0
2825 0
2830 0
2835 0
2840 0
2845 0
2850 0
2855 0
2860 0
2865 0
2870 0
2875 0
2880 0
2885 0
2890 0
2895 0
2900 0
2905 0
2910 0
2915 0
2920 0
2925 0
2930 0
2935 0
2940 0
2945 0
2950 0
2955 0
2960 0
2965 0
2970 0
2975 0
2980 0
2985 0
2990 0
2995 0
3000 0
3005 0
3010 0
3015 0
3020 0
3025 0
3030 0
3035 0
3040 0
3045 0
3050 0
3055 0
3060 0
3065 0
3070 0
3075 0
3080 0
3085 0
3090 0
3095 0
3100 0
3105 0
3110 0
3115 0
3120 0
3125 0
3130 0
3135 0
3140 0
3145 0
3150 0
3155 0
3160 0
3165 0
3170 0
3175 0
3180 0
3185 0
3190 0
3195 0
3200 0
3205 0
3210 0
3215 0
3220 0
3225 0
3230 0
3235 0
3240 0
3245 0
3250 0
3255 0
3260 0
3265 0
3270 0
3275 0
3280 0
3285 0
3290 0
3295 0
3300 0
3305 0
3310 0
3315 0
3320 0
3325 0
3330 0
3335 0
3340 0
3345 0
3350 0
3355 0
3360 0
3365 0
3370 0
3375 0
3380 0
3385 0
3390 0
3395 0
3400 0
3405 0
3410 0
3415 0
3420 0
3425 0
3430 0
3435 0
3440 0
3445 0
3450 0
3455 0
3460 0
3465 0
3470 0
3475 0
3480 0
3485 0
3490 0
3495 0
3500 0
3505 0
3510 0
3515 0
3520 0
3525 0
3530 0
3535 0
3540 0
3545 0
3550 0
3555 0
3560 0
3565 0
3570 0
3575 0
3580 0
3585 0
3590 0
3595 0
3600 0
3605 0
3610 0
3615 0
3620 0
3625 0
3630 0
3635 0
3640 0
3645 0
3650 0
3655 0
3660 0
3665 0
3670 0
3675 0
3680 0
3685 0
3690 0
3695 0
3700 0
3705 0
3710 0
3715 0
3720 0
3725 0
3730 0
3735 0
3740 0
3745 0
3750 0
3755 0
3760 0
3765 0
3770 0
3775 0
3780 0
3785 0
3790 0
3795 0
3800 0
3805 0
3810 0
3815 0
3820 0
3825 0
3830 0
3835 0
3840 0
3845 0
3850 0
3855 0
3860 0
3865 0
3870 0
3875 0
3880 0
3885 0
3890 0
3895 0
3900 0
3905 0
3910 0
3915 0
3920 0
3925 0
3930 0
3935 0
3940 0
3945 0
3950 0
3955 0
3960 0
3965 0
3970 0
3975 0
3980 0
3985 0
3990 0
3995 0
