0.00000 0.00000
2.65448 1.13927
5.30896 2.42337
7.96344 3.91563
10.61792 5.56758
13.27240 7.25420
15.92688 8.84487
18.58136 10.26427
21.23584 11.51521
23.89032 12.66512
26.54480 13.81435
29.19928 15.06079
31.85376 16.46685
34.50824 18.03527
37.16272 19.70686
39.81720 21.39089
42.47168 23.02037
45.12616 24.60091
47.78064 26.21676
50.43512 27.98027
53.08960 29.94871
55.74408 32.05846
58.39856 34.12072
61.05304 35.88792
63.70752 37.15772
66.36200 37.85747
69.01648 38.06179
71.67096 37.93336
74.32544 37.62203
76.97992 37.18233
79.63440 36.55824
82.28888 35.64176
84.94336 34.36692
87.59784 32.78254
90.25232 31.06724
92.90680 29.48903
95.56128 28.33865
98.21576 27.86342
100.87024 28.20924
103.52472 29.36986
106.17920 31.15525
108.83368 33.20941
111.48816 35.10180
114.14264 36.47719
116.79712 37.20159
119.45160 37.42671
122.10608 37.53097
124.76056 37.96109
127.41504 39.04998
130.06952 40.89344
132.72400 43.33106
135.37848 46.02488
138.03296 48.59139
140.68744 50.72982
143.34192 52.29958
145.99640 53.32338
148.65088 53.92281
151.30536 54.22187
153.95984 54.26801
156.61432 54.01019
159.26880 53.34181
161.92328 52.18171
164.57776 50.54698
167.23224 48.57979
169.88672 46.51718
172.54120 44.62304
175.19568 43.11817
177.85016 42.14091
180.50464 41.75043
183.15912 41.95939
185.81360 42.76754
188.46808 44.17206
191.12256 46.15168
193.77704 48.64174
196.43152 51.52145
199.08600 54.62037
201.74048 57.73524
204.39496 60.64752
207.04944 63.14488
209.70392 65.05689
212.35840 66.30195
215.01288 66.91799
217.66736 67.04364
220.32184 66.84572
222.97632 66.43438
225.63080 65.82755
228.28527 64.99517
230.93975 63.95336
233.59423 62.83836
236.24871 61.90410
238.90319 61.44063
241.55767 61.65831
244.21215 62.59112
246.86663 64.05170
249.52111 65.64913
252.17559 66.87306
254.83007 67.23877
257.48455 66.45937
260.13903 64.57569
262.79351 61.97065
265.44799 59.24455
268.10247 57.00614
270.75695 55.68066
273.41143 55.41476
276.06591 56.08883
278.72039 57.39048
281.37487 58.89956
284.02935 60.17100
286.68383 60.82911
289.33831 60.67486
291.99279 59.77287
294.64727 58.46819
297.30175 57.30501
299.95623 56.86441
302.61071 57.57382
305.26519 59.55132
307.91967 62.53856
310.57415 65.95457
313.22863 69.06635
315.88311 71.22191
318.53759 72.05134
321.19207 71.54720
323.84655 70.00012
326.50103 67.84955
329.15551 65.54835
331.80999 63.50225
334.46447 62.06682
337.11895 61.53887
339.77343 62.10800
342.42791 63.80066
345.08239 66.48093
347.73687 69.92871
350.39135 73.93824
353.04583 78.34757
355.70031 82.96444
358.35479 87.45421
361.00927 91.30930
363.66375 93.97289
366.31823 95.07181
368.97271 94.61703
371.62719 93.03173
374.28167 90.96882
376.93615 89.01111
379.59063 87.42196
382.24511 86.08579
384.89959 84.66895
387.55407 82.90720
390.20855 80.85703
392.86303 78.96831
395.51751 77.93282
398.17199 78.38290
400.82647 80.59538
403.48095 84.35577
406.13543 89.05693
408.78991 93.98681
411.44439 98.65976
414.09887 103.01838
416.75335 107.39516
419.40783 112.24679
422.06231 117.79745
424.71679 123.77923
427.37127 129.40720
430.02575 133.60190
432.68023 135.34945
435.33471 134.04057
437.98919 129.66961
440.64367 122.85597
443.29815 114.71047
445.95263 106.58620
448.60711 99.75582
451.26159 95.08214
453.91607 92.78902
456.57055 92.44401
459.22503 93.19244
461.87951 94.15786
464.53399 94.82876
467.18847 95.25623
469.84295 95.99282
472.49743 97.83360
475.15191 101.49676
477.80639 107.37243
480.46087 115.40672
483.11535 125.12267
485.76983 135.73796
488.42431 146.32213
491.07879 155.94109
493.73327 163.76241
496.38775 169.13186
499.04223 171.65235
501.69671 171.27858
504.35119 168.39611
507.00567 163.82394
509.66015 158.69942
512.31463 154.26057
514.96911 151.58688
517.62359 151.36433
520.27807 153.72206
522.93255 158.18466
525.58703 163.79310
528.24151 169.42105
530.89599 174.21492
533.55047 177.96202
536.20495 181.16053
538.85943 184.70248
541.51391 189.32585
544.16839 195.16412
546.82287 201.67048
549.47735 207.94271
552.13183 213.20846
554.78631 217.14934
557.44079 219.89139
560.09527 221.73542
562.74975 222.85582
565.40423 223.17131
568.05871 222.43971
570.71319 220.47751
573.36767 217.34360
576.02215 213.36811
578.67663 209.01132
581.33111 204.64790
583.98559 200.43151
586.64007 196.35854
589.29455 192.51782
591.94903 189.35861
594.60351 187.75255
597.25799 188.73654
599.91247 193.04379
602.56695 200.69550
605.22143 210.89897
607.87591 222.29131
610.53039 233.34504
613.18487 242.68717
615.83935 249.21677
618.49383 252.11078
621.14831 250.90598
623.80279 245.75418
626.45727 237.74056
629.11175 228.99719
631.76623 222.36750
634.42071 220.59749
637.07519 225.32841
639.72967 236.36328
642.38415 251.62766
645.03863 267.93150
647.69311 282.21743
650.34759 292.70393
653.00207 299.38373
655.65655 303.70076
658.31103 307.66851
660.96551 312.93554
663.61999 320.22674
666.27447 329.30374
668.92895 339.31557
671.58343 349.29726
674.23791 358.60417
676.89239 367.14265
679.54686 375.32371
682.20134 383.75188
684.85582 392.79125
687.51030 402.25611
690.16478 411.44096
692.81926 419.50385
695.47374 425.97577
698.12822 431.07978
700.78270 435.68458
703.43718 440.97074
706.09166 448.04536
708.74614 457.69609
711.40062 470.30872
714.05510 485.85543
716.70958 503.88450
719.36406 523.54785
722.01854 543.76351
724.67302 563.56164
727.32750 582.54983
729.98198 601.33730
732.63646 621.72768
735.29094 646.52179
737.94542 678.86182
740.59990 721.19754
743.25438 774.14192
745.90886 835.62542
748.56334 900.75572
751.21782 962.60183
753.87230 1013.81100
756.52678 1048.65401
759.18126 1064.88620
761.83574 1064.77477
764.49022 1054.82085
767.14470 1044.10505
769.79918 1041.71335
772.45366 1054.11999
775.10814 1083.44929
777.76262 1127.12819
780.41710 1178.80968
783.07158 1230.00551
785.72606 1271.86329
788.38054 1296.82664
791.03502 1300.13832
793.68950 1281.03593
796.34398 1243.20550
798.99846 1194.01832
801.65294 1142.52311
804.30742 1096.86077
806.96190 1062.16565
809.61638 1039.75692
812.27086 1027.68141
814.92534 1022.01137
817.57982 1018.17791
820.23430 1011.99107
822.88878 1000.41913
825.54326 982.27848
828.19774 958.72546
830.85222 933.18936
833.50670 910.46443
836.16118 895.08688
838.81566 889.56629
841.47014 893.20751
844.12462 902.05119
846.77910 910.01319
849.43358 910.83147
852.08806 900.10975
854.74254 876.68593
857.39702 842.79298
860.05150 802.96819
862.70598 762.21457
865.36046 724.25046
868.01494 690.60442
870.66942 660.85016
873.32390 633.69249
875.97838 608.23287
878.63286 584.74681
881.28734 564.64803
883.94182 549.77662
886.59630 541.48049
889.25078 540.00327
891.90526 544.44869
894.55974 553.22160
897.21422 564.58340
899.86870 576.97452
902.52318 589.02072
905.17766 599.43087
907.83214 607.06375
910.48662 611.23532
913.14110 612.05099
915.79558 610.45314
918.45006 607.86892
921.10454 605.64969
923.75902 604.63609
926.41350 605.05193
929.06798 606.67674
931.72246 609.11070
934.37694 612.00928
937.03142 615.28922
939.68590 619.31300
942.34038 624.94037
944.99486 633.27209
947.64934 645.05520
950.30382 660.00363
952.95830 676.46062
955.61278 691.69866
958.26726 702.78028
960.92174 707.56421
963.57622 705.37888
966.23070 697.11523
968.88518 684.81926
971.53966 671.06833
974.19414 658.41149
976.84862 649.01147
979.50310 644.47505
982.15758 645.79169
984.81206 653.33287
987.46654 666.94634
990.12102 686.21402
992.77550 710.85529
995.42998 741.07390
998.08446 777.52448
1000.73894 820.69882
1003.39342 869.92050
1006.04790 922.54256
1008.70238 974.00586
1011.35686 1018.98150
1014.01134 1053.13689
1016.66582 1074.63122
1019.32030 1084.59563
1021.97478 1086.46983
1024.62926 1084.68137
1027.28374 1083.36482
1029.93822 1085.60374
1032.59270 1093.32348
1035.24718 1107.72254
1037.90166 1130.00044
1040.55614 1161.99065
1043.21062 1206.16929
1045.86510 1264.64487
1048.51958 1337.32705
1051.17406 1420.27637
1053.82854 1505.60454
1056.48302 1583.70003
1059.13750 1647.14788
1061.79198 1694.37688
1064.44646 1730.80483
1067.10094 1766.40866
1069.75542 1810.59757
1072.40990 1866.84127
1075.06438 1929.76993
1077.71886 1986.29131
1080.37334 2020.32647
1083.02782 2019.04523
1085.68230 1977.79386
1088.33678 1901.54593
1090.99126 1802.37642
1093.64574 1694.38000
1096.30022 1588.66135
1098.95470 1490.83349
1101.60918 1401.91348
1104.26366 1321.47936
1106.91814 1250.69353
1109.57262 1193.12002
1112.22710 1152.94117
1114.88158 1132.05863
1117.53606 1128.34254
1120.19054 1136.44994
1122.84502 1150.78651
1125.49950 1168.63932
1128.15398 1191.32209
1130.80846 1222.45366
1133.46293 1264.35659
1136.11741 1314.79636
1138.77189 1366.12623
1141.42637 1407.51052
1144.08085 1429.16464
1146.73533 1426.49728
1149.38981 1402.19902
1152.04429 1365.46631
1154.69877 1328.92333
1157.35325 1304.65212
1160.00773 1300.75760
1162.66221 1319.33173
1165.31669 1356.04779
1167.97117 1401.26260
1170.62565 1442.39373
1173.28013 1467.19477
1175.93461 1467.20630
1178.58909 1440.29196
1181.24357 1391.18386
1183.89805 1329.61158
1186.55253 1266.66486
1189.20701 1210.92642
1191.86149 1166.02155
1194.51597 1130.45676
1197.17045 1099.44517
1199.82493 1067.56614
1202.47941 1031.02451
1205.13389 988.83779
1207.78837 942.96642
1210.44285 897.74997
1213.09733 858.94499
1215.75181 832.46301
1218.40629 822.88931
1221.06077 832.06819
1223.71525 858.24463
1226.36973 896.20650
1229.02421 938.54091
1231.67869 977.68691
1234.33317 1008.15646
1236.98765 1028.20131
1239.64213 1040.30400
1242.29661 1050.14667
1244.95109 1064.18482
1247.60557 1086.57696
1250.26005 1116.74672
1252.91453 1148.89114
1255.56901 1174.05291
1258.22349 1184.13412
1260.87797 1176.08095
1263.53245 1154.13023
1266.18693 1128.79639
1268.84141 1112.84482
1271.49589 1116.01460
1274.15037 1140.89902
1276.80485 1181.82957
1279.45933 1227.16075
1282.11381 1263.79132
1284.76829 1281.86513
1287.42277 1277.74869
1290.07725 1254.38905
1292.73173 1219.40091
1295.38621 1182.07327
1298.04069 1150.61084
1300.69517 1130.47687
1303.34965 1124.07780
1306.00413 1131.54940
1308.65861 1152.13934
1311.31309 1185.54559
1313.96757 1232.54708
1316.62205 1294.48282
1319.27653 1371.68904
1321.93101 1461.69886
1324.58549 1558.37480
1327.23997 1652.78874
1329.89445 1735.67144
1332.54893 1800.24592
1335.20341 1843.95901
1337.85789 1868.28637
1340.51237 1876.96490
1343.16685 1873.89261
1345.82133 1861.96090
1348.47581 1843.30718
1351.13029 1820.47447
1353.78477 1797.39168
1356.43925 1779.25432
1359.09373 1771.14055
1361.74821 1776.06953
1364.40269 1793.66984
1367.05717 1820.35086
1369.71165 1850.95159
1372.36613 1880.82532
1375.02061 1906.94060
1377.67509 1927.24454
1380.32957 1938.89307
1382.98405 1937.00828
1385.63853 1915.44941
1388.29301 1869.64597
1390.94749 1799.85641
1393.60197 1712.62169
1396.25645 1619.22655
1398.91093 1531.91493
1401.56541 1459.97464
1404.21989 1407.64571
1406.87437 1374.40065
1409.52885 1356.69512
1412.18333 1349.83077
1414.83781 1349.16233
1417.49229 1350.72383
1420.14677 1351.66193
1422.80125 1350.56961
1425.45573 1347.45652
1428.11021 1343.16172
1430.76469 1338.44125
1433.41917 1333.26235
1436.07365 1326.68093
1438.72813 1317.24408
1441.38261 1303.58803
1444.03709 1285.00384
1446.69157 1261.97772
1449.34605 1236.71024
1452.00053 1213.33339
1454.65501 1197.34735
1457.30949 1194.06773
1459.96397 1206.54080
1462.61845 1233.92296
1465.27293 1271.22725
1467.92741 1310.62033
1470.58189 1343.63346
1473.23637 1363.30944
1475.89085 1365.58411
1478.54533 1349.75108
1481.19981 1318.22866
1483.85429 1275.88039
1486.50877 1229.01690
1489.16325 1184.17351
1491.81773 1146.85388
1494.47221 1120.50489
1497.12669 1105.92092
1499.78117 1101.12426
1502.43565 1101.68353
1505.09013 1101.46017
1507.74461 1093.79718
1510.39909 1073.04319
1513.05357 1036.06089
1515.70805 983.19499
1518.36253 918.26001
1521.01701 847.45971
1523.67149 777.58665
1526.32597 714.15118
1528.98045 660.12875
1531.63493 615.78461
1534.28941 579.59802
1536.94389 549.79717
1539.59837 525.65971
1542.25285 507.79435
1544.90733 497.19124
1547.56181 493.64747
1550.21629 494.69215
1552.87077 495.90839
1555.52525 492.64411
1558.17973 482.13624
1560.83421 464.76375
1563.48869 443.73140
1566.14317 423.51292
1568.79765 408.07892
1571.45213 399.84297
1574.10661 399.57633
1576.76109 406.87954
1579.41557 420.62839
1582.07005 439.11443
1584.72453 459.99161
1587.37900 480.28793
1590.03348 496.63205
1592.68796 505.68849
1595.34244 504.74121
1597.99692 492.36021
1600.65140 469.01178
1603.30588 437.34805
1605.96036 401.90581
1608.61484 368.17403
1611.26932 341.33595
1613.92380 325.18060
1616.57828 321.54356
1619.23276 330.30188
1621.88724 349.70846
1624.54172 376.87870
1627.19620 408.41383
1629.85068 441.19007
1632.50516 473.14858
1635.15964 503.68443
1637.81412 533.26959
1640.46860 562.35938
1643.12308 590.16236
1645.77756 614.07336
1648.43204 630.25545
1651.08652 635.19107
1653.74100 627.44825
1656.39548 608.78046
1659.04996 584.02521
1661.70444 559.82695
1664.35892 542.67350
1667.01340 536.93981
1669.66788 543.58882
1672.32236 559.95646
1674.97684 580.70478
1677.63132 599.62578
1680.28580 611.64531
1682.94028 614.28060
1685.59476 608.04132
1688.24924 595.74232
1690.90372 581.16788
1693.55820 567.73814
1696.21268 557.69908
1698.86716 552.01501
1701.52164 550.80914
1704.17612 554.01903
1706.83060 561.91725
1709.48508 575.22648
1712.13956 594.70141
1714.79404 620.27058
1717.44852 650.10482
1720.10300 680.16654
1722.75748 704.70419
1725.41196 717.73022
1728.06644 714.95368
1730.72092 695.29615
1733.37540 661.26816
1736.02988 618.06035
1738.68436 571.84362
1741.33884 528.08079
1743.99332 490.49273
1746.64780 460.87883
1749.30228 439.57452
1751.95676 426.13263
1754.61124 419.84484
1757.26572 419.88638
1759.92020 425.10402
1762.57468 433.71296
1765.22916 443.29974
1767.88364 451.39126
1770.53812 456.43601
1773.19260 458.60595
1775.84708 459.75560
1778.50156 462.34467
1781.15604 467.86818
1783.81052 475.77220
1786.46500 483.57308
1789.11948 488.10138
1791.77396 487.06351
1794.42844 479.99673
1797.08292 468.21000
1799.73740 453.98117
1802.39188 439.60478
1805.04636 426.72788
1807.70084 416.06267
1810.35532 407.36829
1813.00980 399.62324
1815.66428 391.37967
1818.31876 381.23919
1820.97324 368.27287
1823.62772 352.20713
1826.28220 333.36702
1828.93668 312.54688
1831.59116 290.96879
1834.24564 270.29123
1836.90012 252.46166
1839.55460 239.27155
1842.20908 231.73636
1844.86356 229.64468
1847.51804 231.58621
1850.17252 235.49721
1852.82700 239.46200
1855.48148 242.37808
1858.13596 244.17476
1860.79044 245.48896
1863.44492 246.95037
1866.09940 248.43247
1868.75388 248.69689
1871.40836 245.70547
1874.06284 237.51334
1876.71732 223.28590
1879.37180 203.87647
1882.02628 181.66812
1884.68076 159.82802
1887.33524 141.40178
1889.98972 128.61130
1892.64420 122.46103
1895.29868 122.59861
1897.95316 127.43317
1900.60764 134.60961
1903.26212 141.83145
1905.91660 147.73316
1908.57108 152.32142
1911.22556 156.69221
1913.88004 162.19811
1916.53452 169.59582
1919.18900 178.64333
1921.84348 188.22739
1924.49796 196.76542
1927.15244 202.61024
1929.80692 204.39163
1932.46140 201.34851
1935.11588 193.60139
1937.77036 182.17159
1940.42484 168.63031
1943.07932 154.54860
1945.73380 141.11361
1948.38828 129.12531
1951.04276 119.21247
1953.69724 111.90402
1956.35172 107.40214
1959.00620 105.31552
1961.66068 104.76632
1964.31516 104.96826
1966.96964 105.87850
1969.62412 108.35976
1972.27860 113.64896
1974.93308 122.48646
1977.58756 134.49847
1980.24204 148.16232
1982.89652 161.22723
1985.55100 171.25439
1988.20548 176.09624
1990.85996 174.37000
1993.51444 165.97332
1996.16892 152.45529
1998.82340 136.91025
2001.47788 123.24492
2004.13236 115.06156
2006.78684 114.64329
2009.44132 122.41687
2012.09580 136.94886
2014.75028 155.31760
2017.40476 173.72659
2020.05924 188.32116
2022.71372 196.11640
2025.36820 195.75224
2028.02268 187.70855
2030.67716 173.83370
2033.33164 156.44967
2035.98612 137.55707
2038.64059 118.54342
2041.29507 100.40583
2043.94955 84.16574
2046.60403 71.11550
2049.25851 62.73975
2051.91299 60.37202
2054.56747 64.73092
2057.22195 75.47676
2059.87643 90.94463
2062.53091 108.24301
2065.18539 123.83793
2067.83987 134.51124
2070.49435 138.31385
2073.14883 135.06123
2075.80331 126.14607
2078.45779 113.82799
2081.11227 100.41627
2083.76675 87.71724
2086.42123 76.85103
2089.07571 68.29513
2091.73019 61.96445
2094.38467 57.26487
2097.03915 53.19660
2099.69363 48.59796
2102.34811 42.51716
2105.00259 34.59085
2107.65707 25.28507
2110.31155 15.91217
2112.96603 8.40430
2115.62051 4.85812
2118.27499 6.89880
2120.92947 15.00130
2123.58395 28.03766
2126.23843 43.36959
2128.89291 57.64379
2131.54739 68.07689
2134.20187 73.64904
2136.85635 75.54925
2139.51083 76.56449
2142.16531 79.69831
2144.81979 86.74828
2147.47427 97.55744
2150.12875 110.21135
2152.78323 121.91906
2155.43771 130.05211
2158.09219 132.91562
2160.74667 130.09543
2163.40115 122.41739
2166.05563 111.60214
2168.71011 99.71285
2171.36459 88.56916
2174.01907 79.36881
2176.67355 72.67566
2179.32803 68.69306
2181.98251 67.54146
2184.63699 69.30340
2187.29147 73.86122
2189.94595 80.76523
2192.60043 89.30548
2195.25491 98.69354
2197.90939 108.10855
2200.56387 116.53382
2203.21835 122.64302
2205.87283 125.09432
2208.52731 123.25692
2211.18179 117.88996
2213.83627 111.13039
2216.49075 105.57342
2219.14523 102.94513
2221.79971 103.25806
2224.45419 105.04305
2227.10867 106.48415
2229.76315 106.65514
2232.41763 106.03129
2235.07211 105.99422
2237.72659 107.71874
2240.38107 111.17812
2243.03555 114.87257
2245.69003 116.43461
2248.34451 113.77623
2250.99899 106.15750
2253.65347 94.60080
2256.30795 81.43412
2258.96243 69.24017
2261.61691 59.82070
2264.27139 53.72824
2266.92587 50.50678
2269.58035 49.32695
2272.23483 49.53607
2274.88931 50.84426
2277.54379 53.19754
2280.19827 56.55372
2282.85275 60.70520
2285.50723 65.16164
2288.16171 69.09587
2290.81619 71.43542
2293.47067 71.17099
2296.12515 67.77953
2298.77963 61.48929
2301.43411 53.17073
2304.08859 43.92077
2306.74307 34.65332
2309.39755 25.96142
2312.05203 18.22669
2314.70651 11.73649
2317.36099 6.65786
2320.01547 2.98563
2322.66995 0.68254
2325.32443 0.00000
2327.97891 1.64959
2330.63339 6.48822
2333.28787 14.78601
2335.94235 25.60682
2338.59683 36.86854
2341.25131 46.16580
2343.90579 51.84225
2346.56027 53.62089
2349.21475 52.47238
2351.86923 49.96152
2354.52371 47.58296
2357.17819 46.43327
2359.83267 47.21973
2362.48715 50.40643
2365.14163 56.32514
2367.79611 65.18243
2370.45059 76.93921
2373.10507 91.06824
2375.75955 106.30313
2378.41403 120.62683
2381.06851 131.71722
2383.72299 137.78217
2386.37747 138.36436
2389.03195 134.60519
2391.68643 128.76317
2394.34091 123.25592
2396.99539 119.75498
2399.64987 118.73205
2402.30435 119.51612
2404.95883 120.68669
2407.61331 120.62200
2410.26779 118.10181
2412.92227 112.84929
2415.57675 105.80379
2418.23123 98.92442
2420.88571 94.53231
2423.54019 94.46919
2426.19467 99.44360
2428.84915 108.78001
2431.50363 120.54864
2434.15811 131.95209
2436.81259 139.90017
2439.46707 141.74515
2442.12155 136.04283
2444.77603 123.04507
2447.43051 104.64081
2450.08499 83.72679
2452.73947 63.31942
2455.39395 45.82964
2458.04843 32.73085
2460.70291 24.55500
2463.35739 21.02268
2466.01187 21.20898
2468.66635 23.78836
2471.32083 27.39447
2473.97531 30.99071
2476.62979 34.06055
2479.28427 36.52374
2481.93875 38.48366
2484.59323 40.01490
2487.24771 41.11993
2489.90219 41.82206
2492.55666 42.28388
2495.21114 42.88403
2497.86562 44.24592
2500.52010 47.19562
2503.17458 52.57597
2505.82906 60.88068
2508.48354 71.82785
2511.13802 84.13639
2513.79250 95.73789
2516.44698 104.42941
2519.10146 108.70637
2521.75594 108.39808
2524.41042 104.81779
2527.06490 100.34907
2529.71938 97.60232
2532.37386 98.43414
2535.02834 103.20377
2537.68282 110.59809
2540.33730 118.14434
2542.99178 123.20520
2545.64626 124.00012
2548.30074 120.20127
2550.95522 112.91163
2553.60970 104.14549
2556.26418 96.08157
2558.91866 90.32092
2561.57314 87.30715
2564.22762 86.07967
2566.88210 84.55443
2569.53658 80.38115
2572.19106 72.08376
2574.84554 59.89800
2577.50002 45.79469
2580.15450 32.65845
2582.80898 23.13678
2585.46346 18.83416
2588.11794 20.17295
2590.77242 26.70618
2593.42690 37.42363
2596.08138 50.81749
2598.73586 64.88579
2601.39034 77.40906
2604.04482 86.57335
2606.69930 91.59967
2609.35378 92.90171
2612.00826 91.60035
2614.66274 88.72532
2617.31722 84.69668
2619.97170 79.46866
2622.62618 73.19919
2625.28066 66.89114
2627.93514 62.45378
2630.58962 62.04523
2633.24410 67.06580
2635.89858 77.41105
2638.55306 91.40636
2641.20754 106.38980
2643.86202 119.52819
2646.51650 128.41116
2649.17098 131.25937
2651.82546 126.93661
