0.00000 0.00000
2.65448 1.18401
5.30896 2.65195
7.96344 4.53811
10.61792 6.76296
13.27240 9.08481
15.92688 11.22729
18.58136 13.00336
21.23584 14.37113
23.89032 15.40738
26.54480 16.23412
29.19928 16.95155
31.85376 17.61481
34.50824 18.25946
37.16272 18.95274
39.81720 19.83652
42.47168 21.13223
45.12616 23.09415
47.78064 25.91947
50.43512 29.64802
53.08960 34.09914
55.74408 38.88766
58.39856 43.52825
61.05304 47.58999
63.70752 50.82894
66.36200 53.23233
69.01648 54.95621
71.67096 56.20139
74.32544 57.10680
76.97992 57.72081
79.63440 58.05392
82.28888 58.16307
84.94336 58.20430
87.59784 58.41993
90.25232 59.06934
92.90680 60.33976
95.56128 62.27425
98.21576 64.74216
100.87024 67.46317
103.52472 70.08077
106.17920 72.26179
108.83368 73.78272
111.48816 74.56871
114.14264 74.68063
116.79712 74.27986
119.45160 73.60571
122.10608 72.96992
124.76056 72.73437
127.41504 73.23510
130.06952 74.65863
132.72400 76.93142
135.37848 79.69860
138.03296 82.42576
140.68744 84.58762
143.34192 85.85984
145.99640 86.23148
148.65088 85.99542
151.30536 85.62581
153.95984 85.59624
156.61432 86.21948
159.26880 87.58542
161.92328 89.62571
164.57776 92.25578
167.23224 95.48780
169.88672 99.42482
172.54120 104.13753
175.19568 109.52248
177.85016 115.26058
180.50464 120.91533
183.15912 126.09938
185.81360 130.59109
188.46808 134.33280
191.12256 137.33753
193.77704 139.58553
196.43152 140.97756
199.08600 141.36357
201.74048 140.63258
204.39496 138.83715
207.04944 136.30546
209.70392 133.66496
212.35840 131.70985
215.01288 131.13130
217.66736 132.25250
220.32184 134.95868
222.97632 138.90236
225.63080 143.85340
228.28527 149.92166
230.93975 157.44640
233.59423 166.59133
236.24871 176.91549
238.90319 187.22206
241.55767 195.79785
244.21215 200.90432
246.86663 201.25954
249.52111 196.32148
252.17559 186.34974
254.83007 172.33351
257.48455 155.86415
260.13903 138.95487
262.79351 123.76865
265.44799 112.25622
268.10247 105.78914
270.75695 104.92205
273.41143 109.38520
276.06591 118.30690
278.72039 130.55439
281.37487 145.02565
284.02935 160.76086
286.68383 176.85450
289.33831 192.27658
291.99279 205.77407
294.64727 215.97936
297.30175 221.72787
299.95623 222.46102
302.61071 218.54020
305.26519 211.33646
307.91967 203.04612
310.57415 196.25898
313.22863 193.35495
315.88311 195.84548
318.53759 203.82615
321.19207 215.74091
323.84655 228.62628
326.50103 238.86786
329.15551 243.29075
331.80999 240.21388
334.46447 230.04220
337.11895 215.12081
339.77343 198.89084
342.42791 184.71679
345.08239 174.90543
347.73687 170.29887
350.39135 170.47683
353.04583 174.27522
355.70031 180.24705
358.35479 186.89234
361.00927 192.77195
363.66375 196.73100
366.31823 198.29237
368.97271 198.00325
371.62719 197.41161
374.28167 198.55142
376.93615 203.18174
379.59063 212.24395
382.24511 225.87198
384.89959 243.89170
387.55407 266.37608
390.20855 293.75805
392.86303 326.29871
395.51751 363.17747
398.17199 401.81946
400.82647 438.07302
403.48095 467.44772
406.13543 486.99203
408.78991 496.87711
411.44439 500.71841
414.09887 504.24240
416.75335 512.82513
419.40783 529.12442
422.06231 552.00601
424.71679 577.20544
427.37127 599.19219
430.02575 613.18082
432.68023 616.45429
435.33471 608.81616
437.98919 592.47458
440.64367 571.64650
443.29815 551.85846
445.95263 538.78638
448.60711 536.75963
451.26159 547.49840
453.91607 569.76537
456.57055 600.17439
459.22503 634.70354
461.87951 670.06270
464.53399 704.27568
467.18847 736.45737
469.84295 766.28986
472.49743 793.75664
475.15191 819.31895
477.80639 844.25466
480.46087 870.66852
483.11535 900.83271
485.76983 935.91579
488.42431 974.59679
491.07879 1012.32102
493.73327 1041.85645
496.38775 1055.28836
499.04223 1046.81746
501.69671 1015.12767
504.35119 964.12005
507.00567 901.58599
509.66015 836.50159
512.31463 776.34086
514.96911 725.63206
517.62359 686.06200
520.27807 657.46514
522.93255 638.71457
525.58703 627.99871
528.24151 622.72283
530.89599 619.64143
533.55047 615.53871
536.20495 608.16647
538.85943 596.81712
541.51391 582.15573
544.16839 565.51604
546.82287 548.24713
549.47735 531.55693
552.13183 516.79476
554.78631 505.71591
557.44079 500.30515
560.09527 502.12832
562.74975 511.56765
565.40423 527.38620
568.05871 546.87198
570.71319 566.54945
573.36767 583.27060
576.02215 595.37738
578.67663 603.48643
581.33111 610.37505
583.98559 619.68135
586.64007 633.76028
589.29455 651.74882
591.94903 669.10270
594.60351 679.20772
597.25799 676.42458
599.91247 658.93597
602.56695 629.79112
605.22143 595.63011
607.87591 563.95812
610.53039 540.56001
613.18487 528.27848
615.83935 527.33792
618.49383 536.51022
621.14831 554.23450
623.80279 579.21444
626.45727 610.50648
629.11175 647.28662
631.76623 688.39197
634.42071 731.69451
637.07519 773.56147
639.72967 808.90023
642.38415 832.21348
645.03863 839.55261
647.69311 830.54345
650.34759 809.31491
653.00207 783.55660
655.65655 761.92959
658.31103 751.04845
660.96551 753.57236
663.61999 768.32097
666.27447 792.12530
668.92895 822.10652
671.58343 856.92312
674.23791 896.34347
676.89239 939.71867
679.54686 984.68868
682.20134 1027.21768
684.85582 1063.01219
687.51030 1089.31743
690.16478 1105.80733
692.81926 1113.97712
695.47374 1115.55980
698.12822 1111.15872
700.78270 1100.02582
703.43718 1080.97591
706.09166 1053.58965
708.74614 1018.78035
711.40062 978.48567
714.05510 935.05724
716.70958 891.12652
719.36406 850.13632
722.01854 816.88650
724.67302 797.17112
727.32750 796.24655
729.98198 816.98268
732.63646 859.11137
735.29094 920.34300
737.94542 998.61732
740.59990 1093.58725
743.25438 1205.70758
745.90886 1333.03709
748.56334 1467.83912
751.21782 1595.70561
753.87230 1698.57705
756.52678 1760.54339
759.18126 1773.44277
761.83574 1739.33611
764.49022 1668.82039
767.14470 1576.48883
769.79918 1476.11946
772.45366 1377.76246
775.10814 1287.36981
777.76262 1208.10655
780.41710 1141.85387
783.07158 1089.78706
785.72606 1051.83783
788.38054 1025.71615
791.03502 1006.52016
793.68950 987.64810
796.34398 962.92408
798.99846 929.02962
801.65294 887.03534
804.30742 842.29579
806.96190 802.89685
809.61638 777.53830
812.27086 773.68475
814.92534 796.17061
817.57982 845.90867
820.23430 918.53356
822.88878 1003.58761
825.54326 1085.40849
828.19774 1146.43724
830.85222 1172.28779
833.50670 1156.55388
836.16118 1103.06285
838.81566 1024.43052
841.47014 937.60643
844.12462 858.45011
846.77910 797.52041
849.43358 758.33992
852.08806 738.15577
854.74254 730.34695
857.39702 727.35546
860.05150 723.18135
862.70598 714.83241
865.36046 702.52571
868.01494 688.84180
870.66942 677.33758
873.32390 671.20516
875.97838 672.38892
878.63286 681.26632
881.28734 696.75879
883.94182 716.68139
886.59630 738.21683
889.25078 758.47770
891.90526 775.11206
894.55974 786.83241
897.21422 793.69810
899.86870 797.03246
902.52318 799.00874
905.17766 802.11006
907.83214 808.73029
910.48662 821.05265
913.14110 841.07306
915.79558 870.43748
918.45006 909.86772
921.10454 958.37848
923.75902 1012.92909
926.41350 1069.14543
929.06798 1123.10140
931.72246 1173.23697
934.37694 1221.06771
937.03142 1269.93083
939.68590 1322.35285
942.34038 1377.73884
944.99486 1432.02798
947.64934 1479.65595
950.30382 1516.55890
952.95830 1542.29246
955.61278 1560.11830
958.26726 1575.44392
960.92174 1594.00431
963.57622 1620.88564
966.23070 1660.32943
968.88518 1715.41134
971.53966 1787.01140
974.19414 1872.67201
976.84862 1966.76051
979.50310 2062.80368
982.15758 2157.14379
984.81206 2251.54557
987.46654 2352.49516
990.12102 2466.91088
992.77550 2596.54220
995.42998 2734.56918
998.08446 2866.78748
1000.73894 2976.93379
1003.39342 3053.08744
1006.04790 3091.46206
1008.70238 3095.65910
1011.35686 3072.35409
1014.01134 3026.48941
1016.66582 2959.06417
1019.32030 2868.69309
1021.97478 2755.61155
1024.62926 2625.32030
1027.28374 2489.39954
1029.93822 2362.81950
1032.59270 2259.15142
1035.24718 2186.21316
1037.90166 2144.29127
1040.55614 2127.50820
1043.21062 2127.15204
1045.86510 2134.90870
1048.51958 2144.40468
1051.17406 2150.87931
1053.82854 2150.13587
1056.48302 2138.23189
1059.13750 2112.48439
1061.79198 2073.03516
1064.44646 2023.56002
1067.10094 1970.29605
1069.75542 1919.93456
1072.40990 1877.90588
1075.06438 1848.25815
1077.71886 1834.89067
1080.37334 1842.54140
1083.02782 1875.88538
1085.68230 1936.57054
1088.33678 2019.90974
1090.99126 2113.72731
1093.64574 2200.79652
1096.30022 2264.09241
1098.95470 2292.30166
1101.60918 2282.91626
1104.26366 2241.77699
1106.91814 2179.96348
1109.57262 2110.08293
1112.22710 2043.70974
1114.88158 1990.45641
1117.53606 1957.94477
1120.19054 1951.57869
1122.84502 1973.56388
1125.49950 2021.53662
1128.15398 2087.77180
1130.80846 2159.86119
1133.46293 2223.07464
1136.11741 2263.76959
1138.77189 2272.68206
1141.42637 2246.97557
1144.08085 2190.45679
1146.73533 2112.05407
1149.38981 2023.16068
1152.04429 1934.64366
1154.69877 1854.29926
1157.35325 1785.41248
1160.00773 1726.83292
1162.66221 1674.51661
1165.31669 1623.86404
1167.97117 1571.74228
1170.62565 1517.21842
1173.28013 1460.82050
1175.93461 1403.11074
1178.58909 1343.78631
1181.24357 1282.03916
1183.89805 1217.85412
1186.55253 1153.13232
1189.20701 1091.62884
1191.86149 1037.59656
1194.51597 993.99642
1197.17045 961.41951
1199.82493 938.30374
1202.47941 922.11308
1205.13389 910.58000
1207.78837 902.24050
1210.44285 896.12089
1213.09733 891.05812
1215.75181 885.33191
1218.40629 876.97729
1221.06077 864.58294
1223.71525 847.96543
1226.36973 828.14498
1229.02421 806.54605
1231.67869 783.96970
1234.33317 760.14576
1236.98765 734.29411
1239.64213 706.33269
1242.29661 677.79277
1244.95109 651.67132
1247.60557 631.29606
1250.26005 619.10766
1252.91453 616.33169
1255.56901 623.70999
1258.22349 642.46539
1260.87797 674.37730
1263.53245 720.55201
1266.18693 779.60117
1268.84141 846.54488
1271.49589 913.33800
1274.15037 970.85114
1276.80485 1011.27446
1279.45933 1029.84287
1282.11381 1025.38872
1284.76829 999.92162
1287.42277 957.72796
1290.07725 904.36127
1292.73173 845.67789
1295.38621 787.01296
1298.04069 732.64448
1300.69517 685.65377
1303.34965 648.07879
1306.00413 621.04067
1308.65861 604.54836
1311.31309 597.01760
1313.96757 594.95795
1316.62205 593.43666
1319.27653 587.60570
1321.93101 574.88975
1324.58549 556.78892
1327.23997 539.12792
1329.89445 530.21443
1332.54893 537.50770
1335.20341 564.38325
1337.85789 608.71043
1340.51237 664.01231
1343.16685 722.46882
1345.82133 777.94495
1348.47581 827.35008
1351.13029 869.89627
1353.78477 905.30212
1356.43925 932.58238
1359.09373 950.35403
1361.74821 958.19458
1364.40269 957.67062
1367.05717 951.97017
1369.71165 944.33805
1372.36613 936.63554
1375.02061 929.33613
1377.67509 923.08503
1380.32957 920.55260
1382.98405 926.87609
1385.63853 947.92030
1388.29301 987.19121
1390.94749 1043.26289
1393.60197 1109.25615
1396.25645 1174.54700
1398.91093 1227.57139
1401.56541 1258.27500
1404.21989 1259.49573
1406.87437 1227.58448
1409.52885 1162.98169
1412.18333 1071.01958
1414.83781 962.41670
1417.49229 852.52513
1420.14677 758.75141
1422.80125 696.47646
1425.45573 674.69773
1428.11021 693.03901
1430.76469 741.52175
1433.41917 803.60627
1436.07365 861.73251
1438.72813 903.38446
1441.38261 925.20098
1444.03709 933.31647
1446.69157 939.79315
1449.34605 956.85512
1452.00053 991.58185
1454.65501 1043.23688
1457.30949 1103.90483
1459.96397 1161.58957
1462.61845 1204.20188
1465.27293 1223.02549
1467.92741 1214.81718
1470.58189 1182.20226
1473.23637 1132.39535
1475.89085 1074.67778
1478.54533 1017.50801
1481.19981 966.34437
1483.85429 922.94156
1486.50877 886.14181
1489.16325 853.49460
1491.81773 822.84296
1494.47221 793.32579
1497.12669 765.69239
1499.78117 742.05189
1502.43565 725.16300
1505.09013 717.34994
1507.74461 719.28215
1510.39909 729.07899
1513.05357 742.24833
1515.70805 752.70962
1518.36253 754.69110
1521.01701 744.85378
1523.67149 723.77298
1526.32597 696.01660
1528.98045 668.54761
1531.63493 647.95697
1534.28941 637.76461
1536.94389 637.20655
1539.59837 642.25195
1542.25285 648.33134
1544.90733 653.19790
1547.56181 658.24118
1550.21629 667.52769
1552.87077 685.19464
1555.52525 712.68876
1558.17973 747.28904
1560.83421 782.60489
1563.48869 810.82773
1566.14317 825.81122
1568.79765 825.69748
1571.45213 813.88708
1574.10661 797.80237
1576.76109 786.01555
1579.41557 785.32034
1582.07005 799.41062
1584.72453 829.69288
1587.37900 877.11468
1590.03348 943.06188
1592.68796 1028.17591
1595.34244 1129.83279
1597.99692 1240.45503
1600.65140 1348.52700
1603.30588 1442.29817
1605.96036 1514.15096
1608.61484 1563.03098
1611.26932 1593.56876
1613.92380 1612.57146
1616.57828 1624.98265
1619.23276 1631.41907
1621.88724 1628.28822
1624.54172 1610.15200
1627.19620 1573.14040
1629.85068 1518.01676
1632.50516 1451.76079
1635.15964 1387.04627
1637.81412 1339.63442
1640.46860 1324.39401
1643.12308 1351.20874
1645.77756 1422.18992
1648.43204 1531.20908
1651.08652 1665.87773
1653.74100 1811.08933
1656.39548 1952.61297
1659.04996 2079.36808
1661.70444 2183.87039
1664.35892 2261.39068
1667.01340 2308.91576
1669.66788 2324.71739
1672.32236 2308.54901
1674.97684 2261.92631
1677.63132 2188.06196
1680.28580 2091.58321
1682.94028 1978.48728
1685.59476 1856.47646
1688.24924 1735.17658
1690.90372 1625.49183
1693.55820 1537.83873
1696.21268 1479.81501
1698.86716 1454.24019
1701.52164 1458.16400
1704.17612 1482.85867
1706.83060 1514.67637
1709.48508 1537.02799
1712.13956 1533.92216
1714.79404 1494.81117
1717.44852 1419.15268
1720.10300 1318.26321
1722.75748 1212.76946
1725.41196 1126.13031
1728.06644 1076.93671
1730.72092 1073.44094
1733.37540 1112.52048
1736.02988 1182.91834
1738.68436 1270.60946
1741.33884 1363.54308
1743.99332 1453.84626
1746.64780 1537.16001
1749.30228 1610.26266
1751.95676 1668.86365
1754.61124 1707.13331
1757.26572 1719.33376
1759.92020 1702.49518
1762.57468 1658.34320
1765.22916 1593.17689
1767.88364 1515.80659
1770.53812 1434.93250
1773.19260 1357.50194
1775.84708 1288.56340
1778.50156 1231.86600
1781.15604 1190.03129
1783.81052 1163.85311
1786.46500 1151.42656
1789.11948 1148.29010
1791.77396 1149.12652
1794.42844 1150.33124
1797.08292 1151.93801
1799.73740 1157.65398
1802.39188 1172.91815
1805.04636 1202.13979
1807.70084 1246.76041
1810.35532 1305.22106
1813.00980 1374.69865
1815.66428 1453.39047
1818.31876 1541.84755
1820.97324 1642.51308
1823.62772 1757.72371
1826.28220 1887.24294
1828.93668 2026.47637
1831.59116 2166.02192
1834.24564 2292.65291
1836.90012 2391.56865
1839.55460 2449.64945
1842.20908 2459.16979
1844.86356 2420.90870
1847.51804 2345.31431
1850.17252 2250.86533
1852.82700 2159.98551
1855.48148 2094.04467
1858.13596 2069.25541
1860.79044 2094.48474
1863.44492 2170.85107
1866.09940 2292.37709
1868.75388 2447.18350
1871.40836 2619.20326
1874.06284 2790.48674
1876.71732 2943.75666
1879.37180 3064.49487
1882.02628 3142.02139
1884.68076 3169.67441
1887.33524 3144.72148
1889.98972 3068.56560
1892.64420 2947.28288
1895.29868 2792.05122
1897.95316 2618.93058
1900.60764 2447.62052
1903.26212 2298.99333
1905.91660 2191.39839
1908.57108 2136.21059
1911.22556 2133.88155
1913.88004 2172.32953
1916.53452 2229.15145
1919.18900 2277.65415
1921.84348 2294.78486
1924.49796 2267.88288
1927.15244 2197.55941
1929.80692 2095.75379
1932.46140 1980.13883
1935.11588 1867.48668
1937.77036 1768.77132
1940.42484 1687.71665
1943.07932 1622.72705
1945.73380 1570.47590
1948.38828 1528.72468
1951.04276 1496.67043
1953.69724 1472.93556
1956.35172 1453.08320
1959.00620 1428.99978
1961.66068 1391.21404
1964.31516 1333.07744
1966.96964 1254.27275
1969.62412 1161.41382
1972.27860 1065.30737
1974.93308 976.45807
1977.58756 901.27543
1980.24204 840.76564
1982.89652 791.89845
1985.55100 750.40609
1988.20548 713.26926
1990.85996 679.67820
1993.51444 650.36817
1996.16892 626.22772
1998.82340 607.39545
2001.47788 593.53222
2004.13236 584.95127
2006.78684 583.53161
2009.44132 592.41811
2012.09580 614.39791
2014.75028 649.86594
2017.40476 695.65544
2020.05924 745.45087
2022.71372 791.49269
2025.36820 826.59652
2028.02268 845.56589
2030.67716 845.67562
2033.33164 826.50936
2035.98612 789.66405
2038.64059 738.66432
2041.29507 679.06282
2043.94955 618.35083
2046.60403 565.14875
2049.25851 527.35966
2051.91299 509.60411
2054.56747 511.02953
2057.22195 524.90513
2059.87643 540.78692
2062.53091 548.62919
2065.18539 542.91285
2067.83987 524.64766
2070.49435 500.24960
2073.14883 478.05661
2075.80331 464.44414
2078.45779 461.43493
2081.11227 466.60404
2083.76675 474.81346
2086.42123 480.61416
2089.07571 480.20823
2091.73019 472.38216
2094.38467 458.40686
2097.03915 441.28591
2099.69363 424.81203
2102.34811 412.69029
2105.00259 407.69786
2107.65707 410.76916
2110.31155 420.17339
2112.96603 431.35728
2115.62051 438.05200
2118.27499 434.60342
2120.92947 418.52734
2123.58395 391.82479
2126.23843 360.16663
2128.89291 330.36285
2131.54739 307.58154
2134.20187 293.76937
2136.85635 287.74360
2139.51083 286.35390
2142.16531 285.76763
2144.81979 282.36757
2147.47427 273.33992
2150.12875 257.19058
2152.78323 234.16460
2155.43771 206.30875
2158.09219 177.02489
2160.74667 150.26460
2163.40115 129.65540
2166.05563 117.72015
2168.71011 115.20495
2171.36459 120.61841
2174.01907 130.30664
2176.67355 139.38386
2179.32803 143.43080
2181.98251 140.32538
2184.63699 131.35174
2187.29147 121.04704
2189.94595 115.84194
2192.60043 122.01197
2195.25491 143.59805
2197.90939 180.89338
2200.56387 229.97793
2203.21835 283.56426
2205.87283 332.98427
2208.52731 370.60713
2211.18179 391.71098
2213.83627 395.12547
2216.49075 382.66181
2219.14523 357.92597
2221.79971 325.16420
2224.45419 288.42420
2227.10867 250.99398
2229.76315 215.09904
2232.41763 182.01058
2235.07211 152.64365
2237.72659 128.32117
2240.38107 111.05456
2243.03555 102.91340
2245.69003 104.78380
2248.34451 115.43323
2250.99899 131.69439
2253.65347 149.76958
2256.30795 166.81608
2258.96243 181.81150
2261.61691 195.30459
2264.27139 208.46320
2266.92587 222.17972
2269.58035 236.72703
2272.23483 251.95035
2274.88931 267.68897
2277.54379 284.15378
2280.19827 302.11918
2282.85275 322.81724
2285.50723 347.41315
2288.16171 376.09402
2290.81619 407.14193
2293.47067 436.61586
2296.12515 459.11430
2298.77963 469.50880
2301.43411 464.89766
2304.08859 445.80739
2306.74307 416.05789
2309.39755 381.44400
2312.05203 347.96967
2314.70651 320.45029
2317.36099 301.91268
2320.01547 293.72279
2322.66995 296.10187
2325.32443 308.72934
2327.97891 331.27340
2330.63339 363.71222
2333.28787 406.21130
2335.94235 458.34603
2338.59683 517.80588
2341.25131 579.25852
2343.90579 634.33352
2346.56027 673.30509
2349.21475 688.09285
2351.86923 675.27299
2354.52371 637.59115
2357.17819 583.18785
2359.83267 522.90284
2362.48715 466.86047
2365.14163 421.63445
2367.79611 388.81371
2370.45059 365.20147
2373.10507 344.45871
2375.75955 319.69711
2378.41403 286.21919
2381.06851 243.41704
2383.72299 195.06468
2386.37747 147.94333
2389.03195 109.54571
2391.68643 85.94644
2394.34091 80.57481
2396.99539 93.93468
2399.64987 123.87584
2402.30435 166.09377
2404.95883 214.83988
2407.61331 263.91263
2410.26779 307.76350
2412.92227 342.32236
2415.57675 365.26921
2418.23123 375.87990
2420.88571 374.82315
2423.54019 364.09936
2426.19467 346.89941
2428.84915 327.01946
2431.50363 307.81094
2434.15811 291.14408
2436.81259 276.98217
2439.46707 263.75484
2442.12155 249.19114
2444.77603 231.14528
2447.43051 208.26724
2450.08499 180.67070
2452.73947 150.60168
2455.39395 122.65493
2458.04843 102.92921
2460.70291 97.05181
2463.35739 107.90383
2466.01187 134.31963
2468.66635 171.51334
2471.32083 212.86568
2473.97531 251.91860
2476.62979 283.60390
2479.28427 304.60995
2481.93875 313.48711
2484.59323 310.97304
2487.24771 300.29755
2489.90219 286.72389
2492.55666 275.91190
2495.21114 271.64381
2497.86562 274.19319
2500.52010 280.42211
2503.17458 285.62068
2505.82906 285.95495
2508.48354 280.03879
2511.13802 268.83937
2513.79250 254.31030
2516.44698 237.93158
2519.10146 220.19621
2521.75594 201.22906
2524.41042 181.87442
2527.06490 164.36758
2529.71938 152.15670
2532.37386 149.06583
2535.02834 158.24585
2537.68282 181.16219
2540.33730 216.61720
2542.99178 259.92499
2545.64626 302.78643
2548.30074 334.60151
2550.95522 345.41403
2553.60970 329.57139
2556.26418 288.32693
2558.91866 229.83063
2561.57314 166.28969
2564.22762 109.66678
2566.88210 68.01850
2569.53658 44.00547
2572.19106 35.74588
2574.84554 39.02058
2577.50002 49.52089
2580.15450 64.27657
2582.80898 82.06526
2585.46346 103.03470
2588.11794 127.89122
2590.77242 156.98317
2593.42690 189.55220
2596.08138 223.33417
2598.73586 254.56748
2601.39034 278.39220
2604.04482 289.64962
2606.69930 284.10604
2609.35378 259.94603
2612.00826 219.01856
2614.66274 167.09045
2617.31722 112.62335
2619.97170 64.33857
2622.62618 28.58554
2625.28066 7.70239
2627.93514 0.00000
2630.58962 1.14064
2633.24410 6.12402
2635.89858 11.09175
2638.55306 14.48312
2641.20754 17.35974
2643.86202 22.87116
2646.51650 35.02346
2649.17098 57.21172
2651.82546 91.14732
