0 0.038444
5 0.0104286
10 -0.0092788
15 -0.0001518
20 0.0057414
25 -0.0065868
30 -0.0077274
35 0.0018248
40 -0.0009226
45 -0.0077138
50 -0.0003452
55 0.0066934
60 0.0014478
65 -0.0005668
70 0.0047228
75 0.0034548
80 -0.0020724
85 0.0006568
90 0.003493
95 -0.0018982
100 -0.0055204
105 -0.0015912
110 0.0001326
115 -0.0028354
120 -0.0013452
125 0.0036476
130 0.002899
135 -0.0007498
140 0.0006772
145 0.0030626
150 0.000777
155 -0.0022368
160 -0.00138
165 -0.0004214
170 -0.0006124
175 -0.0004406
180 0.0005494
185 0.0003862
190 -0.000413
195 0.00014
200 0.001068
205 0.000868
210 0.0001998
215 0.0001022
220 -0.0001948
225 -0.0004636
230 -0.000522
235 -0.000309
240 -0.0007396
245 -0.0011188
250 -0.0005756
255 0.0006734
260 0.0007938
265 0.0005826
270 0.0006494
275 0.000692
280 0.000182
285 -0.0004118
290 -0.000438
295 -0.0002614
300 -0.0002462
305 -0.0006878
310 -0.0004342
315 0.0001068
320 0.000406
325 0.0003232
330 6.94e-05
335 0.0001872
340 0.0006314
345 0.0005762
350 4.88e-05
355 -0.000294
360 -0.0003824
365 -0.0008096
370 -0.0007248
375 -5.24e-05
380 -8.64e-05
385 -0.000207
390 -0.00014
395 0.0003624
400 0.0003784
405 0.0002068
410 0.0002074
415 0.0003732
420 -1.8e-05
425 -0.000337
430 -0.0003824
435 -2.98e-05
440 8.64e-05
445 -0.0001158
450 -0.0002824
455 -0.0002018
460 -0.0001662
465 0.0001118
470 0.0005064
475 0.000327
480 -0.0001158
485 -0.0002588
490 -6.68e-05
495 -0.00013
500 -0.0001742
505 -1.12e-05
510 0.0001968
515 -0.0004478
520 -0.000371
525 0.0002922
530 0.0002596
535 -0.0001386
540 -1.8e-06
545 0.0001576
550 -9.12e-05
555 -0.0003938
560 7.8e-06
565 0.0001572
570 -0.0004292
575 -0.0003328
580 0.000188
585 0.000241
590 -0.0001442
595 -2.3e-05
600 0.0004572
605 0.000421
610 7.84e-05
615 0.00027
620 0.0001936
625 -0.000185
630 -0.0002622
635 0.0001806
640 6.08e-05
645 -0.0004486
650 -7.62e-05
655 0.0002212
660 -8.36e-05
665 -5.92e-05
670 0.0004998
675 0.000338
680 -0.0003634
685 -0.0002068
690 0.000323
695 3.68e-05
700 -0.000236
705 0.0001084
710 9.08e-05
715 -0.0004384
720 -0.0001752
725 0.0003132
730 7.02e-05
735 -0.0001268
740 0.0003104
745 0.000152
750 -0.000339
755 -6.96e-05
760 0.000378
765 1.02e-05
770 -0.0005276
775 -0.0003434
780 -4.88e-05
785 -8.5e-05
790 2.5e-05
795 0.0002436
800 6.44e-05
805 5.6e-06
810 0.0004964
815 0.000528
820 -2.14e-05
825 -0.0001868
830 -1.34e-05
835 -0.0002312
840 -0.000401
845 -8.06e-05
850 0.0001024
855 -0.0002338
860 -0.0001454
865 0.0001858
870 9.56e-05
875 -0.0001244
880 0.000124
885 0.0002434
890 -0.000197
895 -0.0002056
900 0.0001608
905 -3.8e-06
910 -0.0003338
915 -7.26e-05
920 0.0001494
925 -0.0001652
930 -0.000188
935 0.0002788
940 0.00024
945 -0.0002566
950 -6.56e-05
955 0.0001916
960 -0.0001642
965 -0.0002152
970 0.0001736
975 0.0001824
980 -0.0002534
985 -0.0001862
990 0.0002168
995 8.6e-05
1000 -0.0001266
1005 3.66e-05
1010 0.0001234
1015 -0.0002582
1020 -0.0001274
1025 0.0002578
1030 9.4e-06
1035 -0.0002612
1040 -4.94e-05
1045 0.000232
1050 5.72e-05
1055 -8.34e-05
1060 0.0001052
1065 0.0001124
1070 -8.46e-05
1075 -2.52e-05
1080 0.0001264
1085 2.88e-05
1090 -0.0001426
1095 -7.64e-05
1100 -2.18e-05
1105 -0.0001354
1110 -9.64e-05
1115 5.6e-05
1120 0.0001052
1125 1.72e-05
1130 -7.38e-05
1135 -9.6e-06
1140 4.5e-05
1145 6.44e-05
1150 -1.4e-06
1155 -6.62e-05
1160 -2.8e-05
1165 -4.56e-05
1170 -6e-06
1175 8.6e-05
1180 8.28e-05
1185 -5.82e-05
1190 -6.38e-05
1195 2.54e-05
1200 4.5e-05
1205 -3.4e-05
1210 -2.9e-05
1215 3.82e-05
1220 1.28e-05
1225 -3.88e-05
1230 3.32e-05
1235 3.66e-05
1240 -4.96e-05
1245 -7.24e-05
1250 5.18e-05
1255 5.66e-05
1260 -4.26e-05
1265 -1.12e-05
1270 5.14e-05
1275 -6e-07
1280 -0.000105
1285 -5.02e-05
1290 4.84e-05
1295 -2e-07
1300 -6.68e-05
1305 4.8e-06
1310 5.24e-05
1315 1.36e-05
1320 1.74e-05
1325 3.36e-05
1330 -1.7e-05
1335 -6.9e-05
1340 -2.54e-05
1345 4.3e-05
1350 -3.8e-06
1355 -3.74e-05
1360 -2.4e-06
1365 3.2e-06
1370 -2.36e-05
1375 -3.8e-06
1380 -2.2e-06
1385 7.2e-06
1390 -3.8e-06
1395 4.2e-06
1400 2.7e-05
1405 1.08e-05
1410 -2.64e-05
1415 -5.1e-05
1420 -2.6e-05
1425 -3.38e-05
1430 -3.36e-05
1435 0
1440 2.2e-05
1445 5.4e-06
1450 -1.2e-05
1455 1.94e-05
1460 4.64e-05
1465 2.4e-05
1470 -8.4e-06
1475 -1.68e-05
1480 -2.74e-05
1485 -3.4e-05
1490 -1.62e-05
1495 3e-06
1500 -2.8e-06
1505 -1.16e-05
1510 -1.04e-05
1515 3.8e-06
1520 1.8e-05
1525 2.46e-05
1530 2.62e-05
1535 1.46e-05
1540 -6.6e-06
1545 -1.6e-05
1550 -6.6e-06
1555 1.2e-06
1560 -1.94e-05
1565 -2.8e-05
1570 -3.6e-06
1575 1.8e-05
1580 -3.8e-06
1585 -1.18e-05
1590 6e-07
1595 1.14e-05
1600 -9.2e-06
1605 -1.38e-05
1610 -3.6e-06
1615 -3.6e-06
1620 -1.02e-05
1625 -4.6e-06
1630 4.2e-06
1635 -8.2e-06
1640 -1.76e-05
1645 -2.8e-06
1650 6e-06
1655 -3.6e-06
1660 4.4e-06
1665 1.58e-05
1670 3.4e-06
1675 -3.2e-06
1680 1.8e-06
1685 -3e-06
1690 -1.32e-05
1695 -1.8e-06
1700 3.4e-06
1705 -9.4e-06
1710 -1.16e-05
1715 -2.8e-06
1720 -2.6e-06
1725 6e-07
1730 1.02e-05
1735 8e-06
1740 -3.8e-06
1745 1.6e-06
1750 8.4e-06
1755 -3.2e-06
1760 -1e-05
1765 -6e-07
1770 3.2e-06
1775 -4e-06
1780 -4e-07
1785 5e-06
1790 -3.8e-06
1795 -1.2e-05
1800 -3.2e-06
1805 4.6e-06
1810 -2e-07
1815 -3.38813e-22
1820 4.8e-06
1825 7e-06
1830 4.8e-06
1835 3.2e-06
1840 8e-07
1845 -2.6e-06
1850 -1.4e-06
1855 -6e-07
1860 -1e-06
1865 -3.2e-06
1870 -3.4e-06
1875 -1.4e-06
1880 2e-06
1885 4.8e-06
1890 3.4e-06
1895 -2e-07
1900 -6e-07
1905 4e-07
1910 -2e-07
1915 -1.8e-06
1920 -1.2e-06
1925 -2.6e-06
1930 -1e-06
1935 1.8e-06
1940 1.8e-06
1945 -6e-07
1950 -4e-07
1955 1.6e-06
1960 -2e-07
1965 -2.6e-06
1970 2e-07
1975 0
1980 -3.8e-06
1985 -3e-06
1990 1e-06
1995 1.4e-06
2000 -1.2e-06
2005 -2e-07
2010 3e-06
2015 8e-07
2020 -3.6e-06
2025 -2.6e-06
2030 -1.2e-06
2035 -4e-07
2040 -6e-07
2045 1.69407e-22
2050 -1.8e-06
2055 -2e-07
2060 1.6e-06
2065 2e-06
2070 -2e-07
2075 -2e-07
2080 2e-07
2085 -1.2e-06
2090 -1.8e-06
2095 -1e-06
2100 -6e-07
2105 -1e-06
2110 -4e-07
2115 4e-07
2120 -2e-07
2125 -2e-07
2130 1.2e-06
2135 6e-07
2140 -1e-06
2145 -1.2e-06
2150 8.47033e-23
2155 4e-07
2160 2e-07
2165 -2e-07
2170 -2e-07
2175 -8e-07
2180 -8e-07
2185 2e-07
2190 2e-07
2195 0
2200 4e-07
2205 8e-07
2210 2e-07
2215 2e-07
2220 2e-07
2225 2e-07
2230 -4e-07
2235 -6e-07
2240 -6e-07
2245 -2e-07
2250 -6e-07
2255 -4e-07
2260 2e-07
2265 0
2270 0
2275 4e-07
2280 6e-07
2285 2e-07
2290 -2e-07
2295 0
2300 -2e-07
2305 -2e-07
2310 -4e-07
2315 -2e-07
2320 -2e-07
2325 -4e-07
2330 2e-07
2335 0
2340 0
2345 0
2350 2e-07
2355 2e-07
2360 2e-07
2365 0
2370 -2e-07
2375 -2e-07
2380 0
2385 -2e-07
2390 -6e-07
2395 0
2400 0
2405 0
2410 2e-07
2415 0
2420 0
2425 0
2430 -2e-07
2435 0
2440 0
2445 -2e-07
2450 0
2455 0
2460 0
2465 0
2470 0
2475 0
2480 0
2485 0
2490 0
2495 0
2500 0
2505 0
2510 0
2515 0
2520 0
2525 0
2530 0
2535 0
2540 0
2545 0
2550 0
2555 0
2560 0
2565 0
2570 0
2575 0
2580 0
2585 0
2590 0
2595 0
2600 0
2605 0
2610 0
2615 0
2620 0
2625 0
2630 0
2635 0
2640 0
2645 0
2650 0
2655 0
2660 0
2665 0
2670 0
2675 0
2680 0
2685 0
2690 0
2695 0
2700 0
2705 0
2710 0
2715 0
2720 0
2725 0
2730 0
2735 0
2740 0
2745 0
2750 0
2755 0
2760 0
2765 0
2770 0
2775 0
2780 0
2785 0
2790 0
2795 0
2800 0
2805 0
2810 0
2815 0
2820 0
2825 0
2830 0
2835 0
2840 0
2845 0
2850 0
2855 0
2860 0
2865 0
2870 0
2875 0
2880 0
2885 0
2890 0
2895 0
2900 0
2905 0
2910 0
2915 0
2920 0
2925 0
2930 0
2935 0
2940 0
2945 0
2950 0
2955 0
2960 0
2965 0
2970 0
2975 0
2980 0
2985 0
2990 0
2995 0
3000 0
3005 0
3010 0
3015 0
3020 0
3025 0
3030 0
3035 0
3040 0
3045 0
3050 0
3055 0
3060 0
3065 0
3070 0
3075 0
3080 0
3085 0
3090 0
3095 0
3100 0
3105 0
3110 0
3115 0
3120 0
3125 0
3130 0
3135 0
3140 0
3145 0
3150 0
3155 0
3160 0
3165 0
3170 0
3175 0
3180 0
3185 0
3190 0
3195 0
3200 0
3205 0
3210 0
3215 0
3220 0
3225 0
3230 0
3235 0
3240 0
3245 0
3250 0
3255 0
3260 0
3265 0
3270 0
3275 0
3280 0
3285 0
3290 0
3295 0
3300 0
3305 0
3310 0
3315 0
3320 0
3325 0
3330 0
3335 0
3340 0
3345 0
3350 0
3355 0
3360 0
3365 0
3370 0
3375 0
3380 0
3385 0
3390 0
3395 0
3400 0
3405 0
3410 0
3415 0
3420 0
3425 0
3430 0
3435 0
3440 0
3445 0
3450 0
3455 0
3460 0
3465 0
3470 0
3475 0
3480 0
3485 0
3490 0
3495 0
3500 0
3505 0
3510 0
3515 0
3520 0
3525 0
3530 0
3535 0
3540 0
3545 0
3550 0
3555 0
3560 0
3565 0
3570 0
3575 0
3580 0
3585 0
3590 0
3595 0
3600 0
3605 0
3610 0
3615 0
3620 0
3625 0
3630 0
3635 0
3640 0
3645 0
3650 0
3655 0
3660 0
3665 0
3670 0
3675 0
3680 0
3685 0
3690 0
3695 0
3700 0
3705 0
3710 0
3715 0
3720 0
3725 0
3730 0
3735 0
3740 0
3745 0
3750 0
3755 0
3760 0
3765 0
3770 0
3775 0
3780 0
3785 0
3790 0
3795 0
3800 0
3805 0
3810 0
3815 0
3820 0
3825 0
3830 0
3835 0
3840 0
3845 0
3850 0
3855 0
3860 0
3865 0
3870 0
3875 0
3880 0
3885 0
3890 0
3895 0
3900 0
3905 0
3910 0
3915 0
3920 0
3925 0
3930 0
3935 0
3940 0
3945 0
3950 0
3955 0
3960 0
3965 0
3970 0
3975 0
3980 0
3985 0
3990 0
3995 0
