0 0.0476738
5 0.0179672
10 -0.0009646
15 0.0068984
20 0.011808
25 -0.0017914
30 -0.003039
35 0.0073426
40 0.0036516
45 -0.0034562
50 0.0072222
55 0.0163438
60 0.0069004
65 0.0034348
70 0.012142
75 0.0104756
80 0.0004436
85 0.0043808
90 0.0092656
95 -0.0007036
100 -0.006997
105 0.001817
110 0.0040878
115 -0.002493
120 0.0030728
125 0.0145808
130 0.010027
135 0.001275
140 0.0063302
145 0.0107912
150 0.0020028
155 -0.0050024
160 -0.0005762
165 0.0008542
170 -0.0012144
175 0.0017578
180 0.0057312
185 0.002419
190 0.0010428
195 0.0069104
200 0.0083424
205 0.004091
210 0.0033518
215 0.0046872
220 0.0012834
225 -0.001566
230 0.0010726
235 0.0028586
240 -0.0013162
245 -0.0034946
250 0.000903
255 0.0064154
260 0.0067252
265 0.0049904
270 0.0036726
275 0.0029488
280 0.0013386
285 -0.0002828
290 9.72e-05
295 0.0009082
300 -0.0005088
305 -0.001873
310 0.0007144
315 0.0044862
320 0.0036182
325 0.0009724
330 0.001506
335 0.0024652
340 0.0016478
345 0.0016454
350 0.0025836
355 0.0014856
360 -0.00037
365 -0.0003322
370 -0.000864
375 -0.0019166
380 0.0008956
385 0.0040294
390 0.0013992
395 -0.0007412
400 0.0033068
405 0.0058314
410 0.0012042
415 -0.001759
420 0.0007678
425 0.0008536
430 -0.0015446
435 0.001053
440 0.0041848
445 0.0006822
450 -0.0020868
455 0.0017982
460 0.003557
465 7.16e-05
470 -0.0004028
475 0.0028344
480 0.001318
485 -0.0005368
490 0.0022066
495 0.0032714
500 -0.0012516
505 -0.0018244
510 0.0022742
515 0.0019104
520 -0.0011778
525 0.0013406
530 0.003937
535 0.0002446
540 -0.0023048
545 0.0010802
550 0.00246
555 -0.0006708
560 -0.0001702
565 0.0023044
570 0.0006478
575 -0.0005442
580 0.0020284
585 0.0021472
590 -0.0019016
595 -0.0018804
600 0.00122
605 0.0006958
610 -0.0005964
615 0.0020672
620 0.0028424
625 -0.0006276
630 -0.0010362
635 0.0026804
640 0.0019002
645 -0.0019214
650 -0.0011226
655 0.0016796
660 0.0002722
665 -0.0013486
670 0.0007744
675 0.0013232
680 -0.0010418
685 -0.0007218
690 0.001872
695 0.0015418
700 -3.2e-05
705 0.0008448
710 0.0011446
715 -0.0007302
720 -0.0008748
725 0.00054
730 -0.000223
735 -0.0013608
740 0.0002422
745 0.001624
750 0.0006062
755 0.000216
760 0.0015512
765 0.0009176
770 -0.0007946
775 -0.0004716
780 0.0007086
785 9.2e-05
790 -0.0006996
795 -0.0001474
800 -9.56e-05
805 -0.0006408
810 -0.000128
815 0.0008546
820 0.0004472
825 -8.14e-05
830 0.0003266
835 0.0007818
840 0.0004476
845 -3.94e-05
850 -0.0005046
855 -0.001106
860 -0.001145
865 -0.0002968
870 0.000349
875 0.0002766
880 7.2e-06
885 0.0001034
890 0.0003578
895 0.0006524
900 0.0004538
905 -0.0002874
910 -0.0004428
915 -8.38e-05
920 -0.0001122
925 -0.0004628
930 -0.0001758
935 6.3e-05
940 -0.000353
945 -0.0004458
950 0.0002926
955 0.0006224
960 0.0002652
965 0.0003454
970 0.0005434
975 -2.16e-05
980 -0.0004118
985 -9.08e-05
990 3.86e-05
995 -0.0004712
1000 -0.0003902
1005 0.0001038
1010 6.68e-05
1015 4.14e-05
1020 0.0006594
1025 0.0005354
1030 -0.0002922
1035 -0.0002116
1040 0.000498
1045 0.0002092
1050 -0.0004706
1055 -0.0001078
1060 0.0001988
1065 -0.0004192
1070 -0.000511
1075 0.0002836
1080 0.0002534
1085 -0.0004684
1090 -4.56e-05
1095 0.0006748
1100 0.0003522
1105 -0.0001946
1110 0.0001006
1115 3.24e-05
1120 -0.000556
1125 -0.0003776
1130 0.0002836
1135 -3.56e-05
1140 -0.0004806
1145 2.48e-05
1150 0.0003174
1155 -0.0001372
1160 -0.0001846
1165 0.0002888
1170 0.000107
1175 -0.0004236
1180 -0.0001384
1185 0.0002228
1190 -0.0001068
1195 -0.0003506
1200 -7.42e-05
1205 -0.0001236
1210 -0.0004516
1215 -0.0001632
1220 0.0002894
1225 6.8e-05
1230 -0.0002282
1235 4.6e-05
1240 0.000134
1245 -0.0001648
1250 -0.0001458
1255 0.000118
1260 -0.0001606
1265 -0.0004486
1270 -0.0001122
1275 0.0001424
1280 -0.0001236
1285 -0.000249
1290 -2.44e-05
1295 2.26e-05
1300 -0.0001844
1305 -7.66e-05
1310 0.000127
1315 -4.4e-06
1320 -0.0001808
1325 -7.58e-05
1330 -1.94e-05
1335 -0.0001884
1340 -0.0002022
1345 -7.92e-05
1350 -0.0001122
1355 -0.0001576
1360 -2.14e-05
1365 3.92e-05
1370 -5.64e-05
1375 -8.84e-05
1380 -2.14e-05
1385 -7.78e-05
1390 -0.0001872
1395 -0.0001206
1400 -7.5e-05
1405 -0.0001668
1410 -0.000185
1415 -7.96e-05
1420 -5.44e-05
1425 -0.0001044
1430 -9.12e-05
1435 -6.56e-05
1440 -8.72e-05
1445 -7.26e-05
1450 -1.2e-05
1455 -2.02e-05
1460 -9.58e-05
1465 -0.000138
1470 -0.0001374
1475 -0.0001448
1480 -0.0001272
1485 -9.86e-05
1490 -9.42e-05
1495 -8.24e-05
1500 -4.66e-05
1505 -2.42e-05
1510 -4.02e-05
1515 -5.08e-05
1520 -8.48e-05
1525 -0.0001264
1530 -0.0001134
1535 -7.92e-05
1540 -9.52e-05
1545 -0.0001138
1550 -8.56e-05
1555 -7.18e-05
1560 -0.0001038
1565 -8.26e-05
1570 -2.42e-05
1575 -2.14e-05
1580 -6.84e-05
1585 -4.18e-05
1590 -2.96e-05
1595 -8.38e-05
1600 -0.0001076
1605 -8.06e-05
1610 -7.54e-05
1615 -0.000108
1620 -7.3e-05
1625 -2.22e-05
1630 -3.22e-05
1635 -4.36e-05
1640 -1.94e-05
1645 -3.26e-05
1650 -6.74e-05
1655 -4.5e-05
1660 -1.88e-05
1665 -6.62e-05
1670 -8.66e-05
1675 -4.8e-05
1680 -3.62e-05
1685 -7.3e-05
1690 -5.86e-05
1695 -2.12e-05
1700 -3.6e-05
1705 -5.34e-05
1710 -1.06e-05
1715 9.6e-06
1720 -3.56e-05
1725 -5.48e-05
1730 -3.08e-05
1735 -3.84e-05
1740 -6.92e-05
1745 -5.44e-05
1750 -2.84e-05
1755 -3.88e-05
1760 -4.36e-05
1765 -1.28e-05
1770 -4e-06
1775 -3e-05
1780 -2.62e-05
1785 -1e-05
1790 -2.84e-05
1795 -4.72e-05
1800 -2.88e-05
1805 -1.54e-05
1810 -3.52e-05
1815 -3.76e-05
1820 -1.84e-05
1825 -1.86e-05
1830 -2.34e-05
1835 -1.08e-05
1840 0
1845 -1.46e-05
1850 -1.72e-05
1855 -4.2e-06
1860 -1.08e-05
1865 -2.74e-05
1870 -2.52e-05
1875 -1.64e-05
1880 -2.52e-05
1885 -2.26e-05
1890 -5.8e-06
1895 -3.2e-06
1900 -1.3e-05
1905 -9.6e-06
1910 -1.6e-06
1915 -9.2e-06
1920 -1.5e-05
1925 -7.8e-06
1930 -6.8e-06
1935 -1.46e-05
1940 -1.34e-05
1945 -6.2e-06
1950 -7.2e-06
1955 -1.12e-05
1960 -8.4e-06
1965 -6e-06
1970 -7e-06
1975 -4.8e-06
1980 -6e-07
1985 -4.8e-06
1990 -9.6e-06
1995 -7.8e-06
2000 -6.6e-06
2005 -1.06e-05
2010 -9.4e-06
2015 -5.2e-06
2020 -4.6e-06
2025 -4.4e-06
2030 -1.2e-06
2035 2e-07
2040 -3.2e-06
2045 -6.4e-06
2050 -4.2e-06
2055 -3.8e-06
2060 -5.8e-06
2065 -4.4e-06
2070 -2.8e-06
2075 -4.4e-06
2080 -5.6e-06
2085 -4.6e-06
2090 -3.6e-06
2095 -3.6e-06
2100 -3e-06
2105 -1.8e-06
2110 -1.8e-06
2115 -1.6e-06
2120 -1.4e-06
2125 -2.6e-06
2130 -4e-06
2135 -3.8e-06
2140 -3.8e-06
2145 -3.2e-06
2150 -2.2e-06
2155 -1.8e-06
2160 -2.4e-06
2165 -1.8e-06
2170 -1.6e-06
2175 -1.8e-06
2180 -2.8e-06
2185 -2.4e-06
2190 -1.8e-06
2195 -2e-06
2200 -2.2e-06
2205 -1.4e-06
2210 -1.8e-06
2215 -2.6e-06
2220 -2.2e-06
2225 -1.8e-06
2230 -1.8e-06
2235 -1.6e-06
2240 -1e-06
2245 -1.2e-06
2250 -1.6e-06
2255 -1.4e-06
2260 -1.4e-06
2265 -2.6e-06
2270 -2e-06
2275 -1.4e-06
2280 -1.4e-06
2285 -1.8e-06
2290 -8e-07
2295 -2e-07
2300 -1.4e-06
2305 -2e-06
2310 -1e-06
2315 -1e-06
2320 -1.4e-06
2325 -1.2e-06
2330 -4e-07
2335 -1e-06
2340 -1.6e-06
2345 -8e-07
2350 -2e-07
2355 -1.2e-06
2360 -1.6e-06
2365 -6e-07
2370 -4e-07
2375 -1.2e-06
2380 -6e-07
2385 -4e-07
2390 -1e-06
2395 -1.2e-06
2400 -8e-07
2405 -4e-07
2410 -8e-07
2415 -8e-07
2420 -4e-07
2425 -2e-07
2430 -6e-07
2435 -6e-07
2440 0
2445 -6e-07
2450 -6e-07
2455 -4e-07
2460 -2e-07
2465 -6e-07
2470 -6e-07
2475 -2e-07
2480 -8e-07
2485 -8e-07
2490 -4e-07
2495 -4e-07
2500 -6e-07
2505 -6e-07
2510 -2e-07
2515 -2e-07
2520 -6e-07
2525 -4e-07
2530 -2e-07
2535 -4e-07
2540 -4e-07
2545 -2e-07
2550 0
2555 0
2560 0
2565 0
2570 0
2575 0
2580 -2e-07
2585 0
2590 0
2595 0
2600 0
2605 0
2610 0
2615 0
2620 0
2625 0
2630 0
2635 0
2640 0
2645 0
2650 0
2655 0
2660 0
2665 0
2670 0
2675 0
2680 0
2685 0
2690 0
2695 0
2700 0
2705 0
2710 0
2715 0
2720 0
2725 0
2730 0
2735 0
2740 0
2745 0
2750 0
2755 0
2760 0
2765 0
2770 0
2775 0
2780 0
2785 0
2790 0
2795 0
2800 0
2805 0
2810 0
2815 0
2820 0
2825 0
2830 0
2835 0
2840 0
2845 0
2850 0
2855 0
2860 0
2865 0
2870 0
2875 0
2880 0
2885 0
2890 0
2895 0
2900 0
2905 0
2910 0
2915 0
2920 0
2925 0
2930 0
2935 0
2940 0
2945 0
2950 0
2955 0
2960 0
2965 0
2970 0
2975 0
2980 0
2985 0
2990 0
2995 0
3000 0
3005 0
3010 0
3015 0
3020 0
3025 0
3030 0
3035 0
3040 0
3045 0
3050 0
3055 0
3060 0
3065 0
3070 0
3075 0
3080 0
3085 0
3090 0
3095 0
3100 0
3105 0
3110 0
3115 0
3120 0
3125 0
3130 0
3135 0
3140 0
3145 0
3150 0
3155 0
3160 0
3165 0
3170 0
3175 0
3180 0
3185 0
3190 0
3195 0
3200 0
3205 0
3210 0
3215 0
3220 0
3225 0
3230 0
3235 0
3240 0
3245 0
3250 0
3255 0
3260 0
3265 0
3270 0
3275 0
3280 0
3285 0
3290 0
3295 0
3300 0
3305 0
3310 0
3315 0
3320 0
3325 0
3330 0
3335 0
3340 0
3345 0
3350 0
3355 0
3360 0
3365 0
3370 0
3375 0
3380 0
3385 0
3390 0
3395 0
3400 0
3405 0
3410 0
3415 0
3420 0
3425 0
3430 0
3435 0
3440 0
3445 0
3450 0
3455 0
3460 0
3465 0
3470 0
3475 0
3480 0
3485 0
3490 0
3495 0
3500 0
3505 0
3510 0
3515 0
3520 0
3525 0
3530 0
3535 0
3540 0
3545 0
3550 0
3555 0
3560 0
3565 0
3570 0
3575 0
3580 0
3585 0
3590 0
3595 0
3600 0
3605 0
3610 0
3615 0
3620 0
3625 0
3630 0
3635 0
3640 0
3645 0
3650 0
3655 0
3660 0
3665 0
3670 0
3675 0
3680 0
3685 0
3690 0
3695 0
3700 0
3705 0
3710 0
3715 0
3720 0
3725 0
3730 0
3735 0
3740 0
3745 0
3750 0
3755 0
3760 0
3765 0
3770 0
3775 0
3780 0
3785 0
3790 0
3795 0
3800 0
3805 0
3810 0
3815 0
3820 0
3825 0
3830 0
3835 0
3840 0
3845 0
3850 0
3855 0
3860 0
3865 0
3870 0
3875 0
3880 0
3885 0
3890 0
3895 0
3900 0
3905 0
3910 0
3915 0
3920 0
3925 0
3930 0
3935 0
3940 0
3945 0
3950 0
3955 0
3960 0
3965 0
3970 0
3975 0
3980 0
3985 0
3990 0
3995 0
