0 0.0102604
5 0.0036584
10 -0.0022228
15 -0.003648
20 -0.0007346
25 0.0013344
30 0.0010764
35 9.98e-05
40 7.34e-05
45 0.0004632
50 0.0005294
55 7.24e-05
60 -0.0001892
65 -0.000257
70 6.6e-06
75 -3.18e-05
80 -0.0001268
85 0.0001806
90 0.0008568
95 0.0008968
100 -0.0001112
105 -0.0009484
110 -0.000724
115 0.0001466
120 0.0005568
125 0.0004196
130 0.0003804
135 0.0003554
140 -0.0001598
145 -0.0006534
150 -0.0004512
155 0.000193
160 0.0004418
165 0.0002352
170 -0.0001162
175 -0.0001856
180 -2.2e-05
185 6.86e-05
190 5.6e-05
195 -0.0001244
200 -0.0001572
205 -0.000158
210 9.44e-05
215 0.0002044
220 0.0001524
225 1.08e-05
230 -0.000109
235 -0.000179
240 -0.000125
245 -2.06e-05
250 0.0001434
255 0.000218
260 -2.54e-05
265 -0.0001868
270 -0.000269
275 -0.0001506
280 -6.18e-05
285 8.2e-06
290 1.34e-05
295 1.56e-05
300 8.8e-06
305 0
310 5.4e-06
315 -4.78e-05
320 -0.0001
325 -0.0001402
330 -0.0001314
335 -0.0001252
340 -3.3e-05
345 6.58e-05
350 5.98e-05
355 -5.16e-05
360 -0.0002366
365 -0.0001358
370 1.88e-05
375 0.0001108
380 2.2e-05
385 -7.24e-05
390 -9.78e-05
395 -3.72e-05
400 3.9e-05
405 3.88e-05
410 -6.6e-06
415 -0.0001032
420 -6.24e-05
425 -2.66e-05
430 3e-05
435 7.2e-06
440 -1.18e-05
445 -1.26e-05
450 -0.0001078
455 -5.42e-05
460 -5.06e-05
465 1.18e-05
470 5.3e-05
475 -7.6e-06
480 4.1e-05
485 5.54e-05
490 4.6e-06
495 -3.42e-05
500 -7.68e-05
505 -4.5e-05
510 -2.08e-05
515 -3.8e-05
520 -5.7e-05
525 -5.5e-05
530 -1.2e-05
535 1.44e-05
540 -3.7e-05
545 -3.16e-05
550 4.68e-05
555 4.36e-05
560 -6.6e-06
565 -2.72e-05
570 1.6e-05
575 4.4e-05
580 8.6e-06
585 -5.66e-05
590 -5.94e-05
595 3.82e-05
600 8.94e-05
605 0.0001124
610 1.48e-05
615 -7.94e-05
620 -3.16e-05
625 3.48e-05
630 -3e-06
635 -3.02e-05
640 1.36e-05
645 4.44e-05
650 3.32e-05
655 -5.34e-05
660 -8.14e-05
665 -9e-06
670 0.0001148
675 5.5e-05
680 -3.76e-05
685 -0.0001088
690 -8.42e-05
695 -2.34e-05
700 8.12e-05
705 4.16e-05
710 -5.86e-05
715 -7.06e-05
720 -2.34e-05
725 -8.48e-05
730 -9.12e-05
735 -4.18e-05
740 6e-05
745 4.9e-05
750 -2.16e-05
755 -2.02e-05
760 8e-07
765 -2.8e-05
770 -5.6e-05
775 -3.16e-05
780 1.66e-05
785 5.06e-05
790 1.48e-05
795 -3.1e-05
800 -2.78e-05
805 1.92e-05
810 3.64e-05
815 -3.58e-05
820 -6.14e-05
825 -2.98e-05
830 3.32e-05
835 -1.5e-05
840 -5.44e-05
845 -2.94e-05
850 4e-05
855 2.76e-05
860 -5.6e-05
865 -7.26e-05
870 -1.08e-05
875 8.2e-05
880 7.7e-05
885 -3.2e-05
890 -6.98e-05
895 -7.04e-05
900 1.02e-05
905 4.06e-05
910 3e-06
915 -5.62e-05
920 -2.26e-05
925 2.34e-05
930 -2.34e-05
935 -7.04e-05
940 -4.24e-05
945 3.74e-05
950 5.82e-05
955 2.26e-05
960 -1.2e-06
965 -1.56e-05
970 -3.62e-05
975 -5.78e-05
980 -3.32e-05
985 -1.1e-05
990 7.4e-06
995 -6.6e-06
1000 1.24e-05
1005 3.8e-06
1010 1.76e-05
1015 -6.6e-06
1020 -2.52e-05
1025 -6.5e-05
1030 -3.56e-05
1035 1e-06
1040 2.32e-05
1045 7.6e-06
1050 -2.04e-05
1055 -2.2e-06
1060 1.54e-05
1065 -3.6e-06
1070 -2.82e-05
1075 -2.28e-05
1080 1.02e-05
1085 2e-05
1090 8.6e-06
1095 -1.52e-05
1100 -1.7e-05
1105 -4e-07
1110 6.2e-06
1115 8e-07
1120 -2.8e-05
1125 -2.36e-05
1130 -4.8e-06
1135 4.6e-06
1140 7.2e-06
1145 7.8e-06
1150 -1.22e-05
1155 -2.7e-05
1160 -3.04e-05
1165 -9.2e-06
1170 1.16e-05
1175 1.1e-05
1180 1.2e-06
1185 -1.76e-05
1190 -2.58e-05
1195 -2.12e-05
1200 0
1205 6e-06
1210 1.04e-05
1215 -2e-07
1220 -3e-06
1225 -1.02e-05
1230 -5.2e-06
1235 -3.2e-06
1240 -7e-06
1245 -1.58e-05
1250 -2.2e-05
1255 -1.02e-05
1260 1.12e-05
1265 2.52e-05
1270 2.2e-06
1275 -2.52e-05
1280 -3.04e-05
1285 -5.6e-06
1290 1.04e-05
1295 8.6e-06
1300 -2e-06
1305 -1.44e-05
1310 -8.4e-06
1315 3e-06
1320 6.2e-06
1325 -6e-07
1330 -1.66e-05
1335 -6.6e-06
1340 7.2e-06
1345 1.52e-05
1350 4.4e-06
1355 -7.6e-06
1360 -1e-05
1365 1.4e-06
1370 1.34e-05
1375 8.8e-06
1380 1.2e-06
1385 -8.2e-06
1390 -7.6e-06
1395 -2.2e-06
1400 1.4e-06
1405 3.4e-06
1410 1.4e-06
1415 -4.4e-06
1420 -6.8e-06
1425 -6e-07
1430 1e-05
1435 2e-06
1440 -7e-06
1445 -6.8e-06
1450 2e-06
1455 5e-06
1460 0
1465 -6.2e-06
1470 -8.8e-06
1475 -1e-06
1480 4.8e-06
1485 1.6e-06
1490 -8e-07
1495 2e-07
1500 2.4e-06
1505 3.4e-06
1510 -2.2e-06
1515 -5e-06
1520 -3.2e-06
1525 2.8e-06
1530 7e-06
1535 6.8e-06
1540 1.2e-06
1545 -1.4e-06
1550 6e-07
1555 4e-07
1560 -1.8e-06
1565 4e-07
1570 2.8e-06
1575 4.8e-06
1580 4.6e-06
1585 -8e-07
1590 -5.2e-06
1595 -3e-06
1600 8e-07
1605 6.4e-06
1610 6.6e-06
1615 4.4e-06
1620 -2e-06
1625 -2.2e-06
1630 -1.2e-06
1635 -1.6e-06
1640 0
1645 8e-07
1650 -6e-07
1655 -1.6e-06
1660 -1.8e-06
1665 1.4e-06
1670 2.2e-06
1675 -6e-07
1680 -1.4e-06
1685 -1.2e-06
1690 -4e-07
1695 2.2e-06
1700 3.2e-06
1705 1e-06
1710 -1.8e-06
1715 -4.4e-06
1720 -2.2e-06
1725 1.69407e-22
1730 2e-06
1735 -4e-07
1740 -4e-07
1745 1e-06
1750 2.2e-06
1755 2e-07
1760 -1.4e-06
1765 -2.8e-06
1770 -1.4e-06
1775 -2e-07
1780 1.4e-06
1785 -6e-07
1790 -1.6e-06
1795 -1e-06
1800 6e-07
1805 4e-07
1810 2e-07
1815 -8e-07
1820 4e-07
1825 1.8e-06
1830 2.4e-06
1835 6e-07
1840 -2.2e-06
1845 -2.8e-06
1850 -4e-07
1855 1e-06
1860 1.4e-06
1865 2e-07
1870 -4.23516e-23
1875 0
1880 1e-06
1885 -4e-07
1890 -1e-06
1895 0
1900 6e-07
1905 6e-07
1910 4e-07
1915 -2e-07
1920 1.2e-06
1925 8e-07
1930 -2e-07
1935 -1.2e-06
1940 -4e-07
1945 4e-07
1950 4e-07
1955 -6e-07
1960 0
1965 6e-07
1970 1e-06
1975 2e-07
1980 -1e-06
1985 -8e-07
1990 -2e-07
1995 2e-07
2000 4e-07
2005 -2e-07
2010 2e-07
2015 2e-07
2020 -2e-07
2025 -2e-07
2030 -4e-07
2035 -4e-07
2040 -4e-07
2045 -4e-07
2050 4e-07
2055 8e-07
2060 4e-07
2065 -2e-07
2070 -2e-07
2075 -2e-07
2080 0
2085 2e-07
2090 0
2095 2e-07
2100 2e-07
2105 4e-07
2110 2e-07
2115 -2e-07
2120 -2e-07
2125 0
2130 0
2135 2e-07
2140 0
2145 -4e-07
2150 0
2155 2e-07
2160 0
2165 -2e-07
2170 0
2175 -2e-07
2180 -2e-07
2185 -2e-07
2190 0
2195 -2e-07
2200 -2e-07
2205 0
2210 0
2215 2e-07
2220 0
2225 -2e-07
2230 0
2235 0
2240 0
2245 0
2250 0
2255 0
2260 0
2265 0
2270 0
2275 0
2280 0
2285 0
2290 0
2295 0
2300 0
2305 0
2310 0
2315 0
2320 0
2325 0
2330 0
2335 0
2340 0
2345 0
2350 0
2355 0
2360 0
2365 0
2370 0
2375 0
2380 0
2385 0
2390 0
2395 0
2400 0
2405 0
2410 0
2415 0
2420 0
2425 0
2430 0
2435 0
2440 0
2445 0
2450 0
2455 0
2460 0
2465 0
2470 0
2475 0
2480 0
2485 0
2490 0
2495 0
2500 0
2505 0
2510 0
2515 0
2520 0
2525 0
2530 0
2535 0
2540 0
2545 0
2550 0
2555 0
2560 0
2565 0
2570 0
2575 0
2580 0
2585 0
2590 0
2595 0
2600 0
2605 0
2610 0
2615 0
2620 0
2625 0
2630 0
2635 0
2640 0
2645 0
2650 0
2655 0
2660 0
2665 0
2670 0
2675 0
2680 0
2685 0
2690 0
2695 0
2700 0
2705 0
2710 0
2715 0
2720 0
2725 0
2730 0
2735 0
2740 0
2745 0
2750 0
2755 0
2760 0
2765 0
2770 0
2775 0
2780 0
2785 0
2790 0
2795 0
2800 0
2805 0
2810 0
2815 0
2820 0
2825 0
2830 0
2835 0
2840 0
2845 0
2850 0
2855 0
2860 0
2865 0
2870 0
2875 0
2880 0
2885 0
2890 0
2895 0
2900 0
2905 0
2910 0
2915 0
2920 0
2925 0
2930 0
2935 0
2940 0
2945 0
2950 0
2955 0
2960 0
2965 0
2970 0
2975 0
2980 0
2985 0
2990 0
2995 0
3000 0
3005 0
3010 0
3015 0
3020 0
3025 0
3030 0
3035 0
3040 0
3045 0
3050 0
3055 0
3060 0
3065 0
3070 0
3075 0
3080 0
3085 0
3090 0
3095 0
3100 0
3105 0
3110 0
3115 0
3120 0
3125 0
3130 0
3135 0
3140 0
3145 0
3150 0
3155 0
3160 0
3165 0
3170 0
3175 0
3180 0
3185 0
3190 0
3195 0
3200 0
3205 0
3210 0
3215 0
3220 0
3225 0
3230 0
3235 0
3240 0
3245 0
3250 0
3255 0
3260 0
3265 0
3270 0
3275 0
3280 0
3285 0
3290 0
3295 0
3300 0
3305 0
3310 0
3315 0
3320 0
3325 0
3330 0
3335 0
3340 0
3345 0
3350 0
3355 0
3360 0
3365 0
3370 0
3375 0
3380 0
3385 0
3390 0
3395 0
3400 0
3405 0
3410 0
3415 0
3420 0
3425 0
3430 0
3435 0
3440 0
3445 0
3450 0
3455 0
3460 0
3465 0
3470 0
3475 0
3480 0
3485 0
3490 0
3495 0
3500 0
3505 0
3510 0
3515 0
3520 0
3525 0
3530 0
3535 0
3540 0
3545 0
3550 0
3555 0
3560 0
3565 0
3570 0
3575 0
3580 0
3585 0
3590 0
3595 0
3600 0
3605 0
3610 0
3615 0
3620 0
3625 0
3630 0
3635 0
3640 0
3645 0
3650 0
3655 0
3660 0
3665 0
3670 0
3675 0
3680 0
3685 0
3690 0
3695 0
3700 0
3705 0
3710 0
3715 0
3720 0
3725 0
3730 0
3735 0
3740 0
3745 0
3750 0
3755 0
3760 0
3765 0
3770 0
3775 0
3780 0
3785 0
3790 0
3795 0
3800 0
3805 0
3810 0
3815 0
3820 0
3825 0
3830 0
3835 0
3840 0
3845 0
3850 0
3855 0
3860 0
3865 0
3870 0
3875 0
3880 0
3885 0
3890 0
3895 0
3900 0
3905 0
3910 0
3915 0
3920 0
3925 0
3930 0
3935 0
3940 0
3945 0
3950 0
3955 0
3960 0
3965 0
3970 0
3975 0
3980 0
3985 0
3990 0
3995 0
